33520 1114 1025 529 2290 588 3492 753 2650 276 4623 266 603 5569 400 1647 788 390 1133 2173 4756 3056 1188 0 2330 2617 1313 2316 958 2141 1086 1461 657 827 1042 1676 527 305 2433 728 390 862 703 658 531 1606 1110 254 867 2666 1220 274 1006 617 821 389 1560 520 588 662 302 1738 541 1190 356 208 272 1626 1767 878 2056 508 1271 5416 2687 534 223 242 403 415 296 295 520 1693 1385 2646 1496 829 153 753 256 292 735 231 227 614 1593 988 1851 2332 908 1045 310 2367 341 1608 817 0 148 880 607 1522 2677 
1114 15809 353 326 990 783 1085 1438 971 261 2210 541 226 1724 219 443 379 409 585 874 2219 1417 510 0 986 923 515 732 255 943 464 969 218 369 996 843 258 89 1031 297 482 697 347 1053 210 734 587 401 410 1183 321 147 351 339 351 288 899 173 338 209 129 657 383 390 93 65 730 755 490 616 563 832 841 2374 1088 298 146 82 143 172 279 147 176 586 458 868 547 266 80 318 102 111 1162 329 257 137 446 309 470 716 351 421 103 1147 115 1236 232 0 195 294 198 543 1305 
1025 353 12217 211 292 442 847 1307 1218 196 1856 488 204 1746 268 388 252 360 775 488 1725 916 460 0 686 323 196 1036 336 347 213 700 145 280 471 426 95 113 877 192 397 830 224 709 95 596 455 284 414 478 394 94 262 305 338 183 323 135 279 229 130 458 250 215 105 40 616 316 646 591 653 791 744 1941 601 201 139 92 58 185 234 119 88 330 386 383 258 237 60 120 111 72 943 197 180 246 490 368 704 739 161 319 85 974 57 1097 269 0 192 280 128 228 763 
529 326 211 10509 640 434 857 779 591 135 1286 283 155 1446 140 360 224 260 429 541 1373 1208 339 0 614 608 369 677 295 561 257 703 182 246 600 495 170 71 612 193 351 572 236 607 140 404 346 212 302 602 318 95 244 251 224 174 492 119 288 186 91 436 217 262 80 34 366 446 397 405 484 430 581 1685 690 187 86 71 79 120 223 112 133 430 296 557 308 177 57 216 97 45 620 208 178 177 323 243 602 535 229 279 82 777 104 635 159 0 115 201 131 346 933 
2290 990 292 640 29070 1109 1982 3815 1683 482 3983 1094 402 4130 460 995 723 1119 1563 965 3929 2504 1181 0 1430 756 447 2159 849 752 431 1937 467 654 1351 1084 267 214 1943 424 1171 1895 563 2039 213 1355 1143 672 1180 832 1057 188 652 842 635 523 810 291 636 560 249 1108 722 479 277 112 1411 604 1476 1746 1457 1562 1746 4332 1654 546 308 231 131 471 799 284 272 910 1091 835 553 548 167 226 168 122 2233 631 564 547 1309 969 2318 1696 369 683 184 2628 198 2407 464 0 367 574 207 452 2131 
588 783 442 434 1109 19667 1793 910 1531 214 2586 357 258 2978 266 955 381 417 630 2259 2883 1666 705 0 1175 1142 675 1307 605 1118 529 1140 413 354 1018 971 327 160 1122 477 517 742 388 720 233 834 726 375 613 1183 546 161 638 449 381 322 868 349 477 357 140 856 451 591 154 111 352 783 818 682 1026 483 939 2645 1435 383 179 141 175 264 314 163 278 1134 719 1092 654 359 86 339 144 533 669 330 271 393 659 469 1263 1080 392 596 154 1601 220 871 355 0 142 457 293 591 1881 
3492 1085 847 857 1982 1793 43815 4630 2756 676 7125 2108 718 5506 747 1215 980 1197 2030 2068 6604 3603 1500 0 2366 1837 1000 2908 803 1647 927 2736 726 1016 2315 1677 508 275 3407 655 1372 2523 821 2737 460 2273 1613 1059 1310 2524 1185 297 1033 1155 1008 842 1202 567 1018 732 424 1603 970 874 330 206 2211 1624 2100 1834 1789 2914 2576 6812 2897 735 421 257 282 627 887 735 292 1097 1270 2070 1360 677 217 664 340 284 3201 895 660 552 1947 1103 2105 2321 719 1071 254 3424 276 3998 767 0 598 887 521 1301 3229 
753 1438 1307 779 3815 910 4630 44741 3318 404 6616 450 782 6692 504 2103 1029 524 1626 2868 6431 4131 1498 0 3046 3148 1867 3443 1268 2737 1441 2055 959 1045 1479 2056 663 379 3373 1082 644 1184 891 902 597 2131 1490 343 1151 3272 1576 381 1366 836 1150 599 1767 624 792 899 421 2496 773 1418 420 296 535 2075 2476 1153 2542 834 2225 7255 3504 735 353 276 457 611 439 398 548 2166 1811 3328 2068 965 210 905 406 385 1193 400 368 756 2126 1251 2198 3329 1035 1379 341 3118 427 2353 1156 0 229 1141 754 2090 3592 
2650 971 1218 591 1683 1531 2756 3318 35003 552 4801 1208 545 5278 444 1356 704 992 1723 1867 4372 2849 1432 0 1829 1683 928 2372 866 1483 737 2177 451 770 1482 1319 369 284 2297 611 1441 2155 650 2103 341 1537 1058 730 1291 1766 1130 257 807 882 643 497 1186 403 675 593 321 1119 702 828 268 164 1652 1079 1644 1509 1608 1705 2026 5520 2284 702 329 233 400 620 725 365 329 1488 1059 1813 1063 622 193 530 283 221 2690 606 510 576 1242 937 1966 1759 582 872 283 2689 231 2902 651 0 416 733 473 890 2954 
276 261 196 135 482 214 676 404 552 7328 826 152 123 1165 88 374 151 132 258 481 841 655 271 0 473 452 258 454 201 394 220 393 126 180 261 314 113 59 456 163 179 270 139 280 113 293 198 107 257 437 235 59 237 162 163 81 301 128 150 155 83 371 121 225 62 68 156 322 386 267 412 216 343 1081 578 127 73 38 68 104 102 73 100 376 279 481 295 175 40 167 98 72 328 74 62 130 210 200 355 422 156 224 66 617 72 442 177 0 55 177 142 242 631 
4623 2210 1856 1286 3983 2586 7125 6616 4801 826 63453 2104 482 7592 560 3185 411 1798 2440 4205 5898 3133 2055 0 2583 4339 2212 5982 1931 3708 1851 4148 1617 369 2204 2901 966 564 1669 1277 2082 4161 612 3527 815 563 1317 1285 1288 5334 2406 392 1884 1742 1825 974 3137 864 1402 1267 582 3618 1198 1793 604 387 2951 3102 3832 2845 4071 3390 2296 3564 4590 475 648 360 640 939 1288 500 896 3247 2820 4670 2758 1343 395 1297 607 542 4707 978 945 1095 2232 1797 3611 4850 1343 2124 536 5756 620 3059 1575 0 703 1635 939 3147 4940 
266 541 488 283 1094 357 2108 450 1208 152 2104 15828 279 2473 198 748 345 195 535 960 2150 1441 567 0 1073 1077 594 1075 460 1008 534 702 301 358 537 847 262 142 1134 332 268 398 353 379 216 713 525 131 451 1364 541 148 484 314 392 182 642 250 296 356 128 847 280 498 132 99 161 728 814 431 921 266 650 2484 1289 278 114 99 177 218 136 97 254 729 643 1157 694 360 63 593 134 136 388 132 139 275 477 447 803 1110 363 535 128 1148 179 758 384 0 66 442 271 659 1213 
603 226 204 155 402 258 718 782 545 123 482 279 7386 915 84 371 78 224 296 498 685 351 248 0 312 415 270 481 181 422 207 477 163 85 321 265 114 60 222 127 264 492 81 469 100 187 177 170 187 478 207 47 229 240 157 104 305 103 142 112 61 397 153 222 52 48 412 318 398 407 426 439 343 636 504 71 95 38 75 109 169 55 106 394 283 456 304 133 39 161 73 63 584 134 118 116 227 169 364 463 155 227 67 687 57 422 155 0 96 203 150 241 576 
5569 1724 1746 1446 4130 2978 5506 6692 5278 1165 7592 2473 915 70013 889 3092 1178 1884 3107 4256 8949 5768 2754 0 3957 3960 2213 4166 1473 3593 1730 5346 1162 1287 3789 2925 927 462 3632 1415 2850 4156 1337 4547 876 2667 2210 1669 2085 4036 1768 498 1937 1921 1300 1262 2923 945 1467 1074 588 3227 1563 1965 585 329 3236 2594 3238 3186 3054 3640 3413 9684 5289 1180 779 400 608 1285 1356 677 722 3049 1947 3980 2387 1304 381 1517 626 540 5467 1280 1156 963 1883 1624 3324 3682 1470 1831 503 6273 742 4794 1248 0 925 1423 1082 2139 7251 
400 219 268 140 460 266 747 504 444 88 560 198 84 889 6889 303 97 176 284 432 708 441 200 0 349 437 293 522 192 423 207 399 133 118 234 323 99 50 299 145 194 323 124 355 104 232 198 134 190 482 218 54 195 164 147 92 344 89 127 135 65 352 145 209 65 41 224 285 329 305 421 294 296 698 452 82 89 37 81 112 134 67 114 394 325 457 277 157 48 158 60 73 416 105 100 122 195 207 344 450 159 248 67 532 72 378 118 0 72 144 123 304 525 
1647 443 388 360 995 955 1215 2103 1356 374 3185 748 371 3092 303 21750 477 551 907 1206 3044 2034 850 0 1265 990 575 1239 501 952 467 1527 242 458 1121 799 239 137 1542 371 883 1209 453 1324 213 1090 769 582 804 1121 655 171 398 511 463 361 642 251 450 347 190 766 483 563 185 79 1097 674 948 879 853 1200 1183 3385 1530 443 212 141 182 387 420 202 206 700 530 1176 650 335 132 360 148 157 1570 439 341 322 922 580 1173 946 408 506 145 1509 132 1758 383 0 284 447 329 622 2059 
788 379 252 224 723 381 980 1029 704 151 411 345 78 1178 97 477 9964 316 368 568 933 490 346 0 370 618 375 747 272 547 275 679 212 85 431 439 152 79 252 221 343 615 103 655 128 164 217 211 254 641 347 70 328 353 188 146 479 112 250 197 101 535 212 301 98 61 485 447 574 524 595 505 410 651 767 77 118 62 107 175 252 91 122 476 410 626 401 187 82 265 91 85 752 180 164 176 235 289 596 671 196 298 79 1043 99 441 232 0 129 217 165 362 867 
390 409 360 260 1119 417 1197 524 992 132 1798 195 224 1884 176 551 316 13615 404 904 1863 1233 483 0 958 844 519 734 357 857 438 667 403 362 624 679 253 98 985 307 277 395 307 475 193 574 515 164 329 1023 369 131 396 269 368 187 720 197 265 227 131 691 260 445 136 71 231 699 604 402 688 338 618 2026 1136 253 100 80 133 173 136 144 195 670 540 859 599 261 84 350 228 119 533 191 128 213 924 342 607 785 323 374 113 926 108 721 236 0 98 293 234 531 1082 
1133 585 775 429 1563 630 2030 1626 1723 258 2440 535 296 3107 284 907 368 404 22571 1400 2697 1696 714 0 1303 1434 745 1511 490 1264 701 1272 447 410 1039 1033 312 125 1394 493 550 987 367 984 305 811 652 367 531 1638 650 180 686 514 500 388 974 319 424 389 195 1129 432 688 189 136 691 999 1090 858 1184 933 1134 2848 1646 310 216 122 208 332 326 172 299 1063 847 1613 917 447 105 599 1379 228 1185 329 292 452 803 574 928 1564 502 669 157 1685 289 1383 550 0 233 536 385 895 1749 
2173 874 488 541 965 2259 2068 2868 1867 481 4205 960 498 4256 432 1206 568 904 1400 30159 3930 2552 1237 0 1581 891 641 2534 797 958 606 1934 402 627 1415 1042 300 273 2041 459 1130 1969 648 1689 276 1462 1218 1015 1256 1324 1022 195 716 774 676 502 900 384 586 580 275 1157 686 675 269 161 1266 860 1537 1314 1516 1568 1632 4718 1807 589 411 208 196 596 609 303 279 1048 1055 1098 705 541 155 379 233 317 2058 543 502 538 1205 912 1781 1725 428 873 230 2270 200 2405 659 0 401 704 346 610 2536 
4756 2219 1725 1373 3929 2883 6604 6431 4372 841 5898 2150 685 8949 708 3044 933 1863 2697 3930 64229 4234 2138 0 3123 3985 2134 5071 1534 3490 1829 3928 1241 1013 2379 2735 876 436 2921 1238 2164 4127 852 3624 774 1989 1668 1303 1711 4651 1732 444 1857 1933 1271 937 3035 805 1400 1141 494 3635 1151 1824 471 393 3012 3012 3329 3029 3550 3134 3320 6608 4644 770 715 381 652 980 1265 602 763 3176 2571 4295 2620 1223 385 1296 565 545 4580 999 968 1028 1736 1482 3199 4383 1327 1946 507 5760 602 4154 1422 0 781 1263 986 2652 5016 
3056 1417 916 1208 2504 1666 3603 4131 2849 655 3133 1441 351 5768 441 2034 490 1233 1696 2552 4234 40966 1479 0 1682 2304 1251 2926 1073 2071 1079 3294 675 460 1931 1720 577 329 1411 829 1826 2572 544 2621 462 1036 1022 919 1234 2288 1184 263 1320 1305 714 669 1556 598 827 758 375 2065 903 1117 345 214 2724 1623 2245 2042 2222 1981 1918 3646 2887 438 496 245 359 785 947 383 496 1941 1573 2312 1380 786 239 929 323 274 3022 715 644 703 1091 1074 2402 2433 758 1235 375 4135 340 2467 794 0 564 823 670 1204 4010 
1188 510 460 339 1181 705 1500 1498 1432 271 2055 567 248 2754 200 850 346 483 714 1237 2138 1479 18807 0 1047 1115 596 1060 458 1067 486 1291 476 332 865 818 260 123 976 382 704 979 354 950 240 612 535 419 498 1130 515 146 563 493 435 313 700 262 383 260 138 880 370 606 159 98 738 842 826 763 849 935 1005 2414 1462 332 175 108 273 327 321 185 230 851 599 1173 727 352 118 381 168 163 1211 321 262 258 794 375 847 951 412 466 172 1576 180 1132 348 0 202 437 277 625 1815 
0 0 0 0 0 0 0 0 0 0 0 0 0 0 0 0 0 0 0 0 0 0 0 0 0 0 0 0 0 0 0 0 0 0 0 0 0 0 0 0 0 0 0 0 0 0 0 0 0 0 0 0 0 0 0 0 0 0 0 0 0 0 0 0 0 0 0 0 0 0 0 0 0 0 0 0 0 0 0 0 0 0 0 0 0 0 0 0 0 0 0 0 0 0 0 0 0 0 0 0 0 0 0 0 0 0 0 0 0 0 0 0 5 
2330 986 686 614 1430 1175 2366 3046 1829 473 2583 1073 312 3957 349 1265 370 958 1303 1581 3123 1682 1047 0 28802 1380 804 2268 745 1263 673 1946 435 415 1207 1141 316 245 1275 539 1144 2048 399 1890 309 892 879 665 870 1557 1017 182 810 816 709 475 1107 399 592 558 277 1428 599 676 232 187 1394 1007 1554 1339 1780 1555 1404 3049 1793 381 337 208 314 508 646 257 336 1293 1136 1496 961 536 169 516 239 205 2242 538 500 540 969 838 1671 1947 497 896 222 2729 223 2050 676 0 383 663 376 839 2084 
2617 923 323 608 756 1142 1837 3148 1683 452 4339 1077 415 3960 437 990 618 844 1434 891 3985 2304 1115 0 1380 28257 397 2195 736 624 457 1879 368 664 1266 1029 214 206 2031 386 1054 1718 568 1908 212 1400 1119 647 1003 943 1000 183 671 773 642 527 721 331 608 547 265 1231 645 431 263 127 1576 616 1580 1471 1446 1563 1761 4383 1568 538 322 213 144 492 669 322 224 807 998 857 551 498 165 319 163 149 2313 485 457 512 1207 885 1778 1682 367 755 203 2744 192 2408 522 0 432 631 256 488 2050 
1313 515 196 369 447 675 1000 1867 928 258 2212 594 270 2213 293 575 375 519 745 641 2134 1251 596 0 804 397 16032 1147 388 430 303 1029 202 320 753 576 140 156 1026 241 613 1042 408 1090 136 797 634 401 642 580 553 120 433 410 387 315 418 205 362 305 167 615 373 316 124 103 777 331 834 1342 837 871 839 2471 830 331 283 129 80 321 415 183 140 482 595 464 329 297 88 181 112 87 1231 284 323 321 600 509 921 884 197 414 111 1371 104 1251 282 0 255 334 182 254 1205 
2316 732 1036 677 2159 1307 2908 3443 2372 454 5982 1075 481 4166 522 1239 747 734 1511 2534 5071 2926 1060 0 2268 2195 1147 35328 425 2033 1161 1828 584 798 1643 1508 506 138 2467 638 841 1749 617 1825 386 2058 1187 715 797 3119 493 240 798 749 403 594 1567 407 779 496 180 1754 561 947 201 180 1501 1756 1153 1348 1442 2032 2005 5125 2733 564 353 149 385 428 527 390 392 1418 1187 2404 1462 471 164 679 365 328 2307 571 497 237 759 484 942 2462 801 897 197 2525 268 2751 676 0 395 514 562 1619 2651 
958 255 336 295 849 605 803 1268 866 201 1931 460 181 1473 192 501 272 357 490 797 1534 1073 458 0 745 736 388 425 12793 799 382 765 320 282 724 489 207 49 787 256 417 670 253 850 129 671 458 338 341 878 141 95 358 391 118 253 433 204 259 168 53 608 196 344 70 92 681 530 413 564 462 800 693 1802 1012 248 141 60 129 175 251 129 99 504 280 832 519 170 83 246 131 112 948 277 207 82 317 156 353 524 278 263 47 1118 68 984 158 0 169 175 217 404 1066 
2141 943 347 561 752 1118 1647 2737 1483 394 3708 1008 422 3593 423 952 547 857 1264 958 3490 2071 1067 0 1263 624 430 2033 799 26488 461 1748 434 580 1267 1082 269 208 1888 460 1662 1781 555 1818 327 1268 1115 695 1059 939 952 178 694 765 601 447 736 329 602 557 254 1073 588 455 210 110 1488 581 1310 1250 1396 1461 1592 3933 1480 489 295 185 139 434 633 298 266 790 1049 794 544 451 142 293 175 160 1943 579 435 538 1194 766 1674 1544 320 672 189 2356 151 2229 496 0 387 583 194 446 1828 
1086 464 213 257 431 529 927 1441 737 220 1851 534 207 1730 207 467 275 438 701 606 1829 1079 486 0 673 457 303 1161 382 461 13713 883 207 275 585 467 134 107 966 196 724 1003 249 867 93 724 597 310 515 527 425 89 293 356 286 236 333 165 310 264 116 475 298 234 90 51 730 324 973 661 725 853 844 2083 717 262 155 120 80 231 324 167 132 469 469 478 342 212 62 132 87 80 1100 252 204 237 647 385 794 779 187 381 93 1117 87 1204 245 0 194 256 132 344 901 
1461 969 700 703 1937 1140 2736 2055 2177 393 4148 702 477 5346 399 1527 679 667 1272 1934 3928 3294 1291 0 1946 1879 1029 1828 765 1748 883 31725 659 740 1572 1410 483 202 1880 651 1038 1513 811 1421 405 1259 985 569 1047 1828 713 282 898 838 757 331 1284 528 656 468 191 810 412 974 227 179 892 1208 1506 1253 1525 1035 1638 4636 2399 664 320 200 302 541 535 313 411 1474 1060 1958 1198 480 162 594 277 211 1459 464 419 514 1578 690 1596 1653 705 865 249 2674 286 2018 566 0 318 610 496 1071 3842 
657 218 145 182 467 413 726 959 451 126 1617 301 163 1162 133 242 212 403 447 402 1241 675 476 0 435 368 202 584 320 434 207 659 9297 190 481 358 134 79 632 144 308 479 175 621 68 455 331 257 344 432 342 51 105 173 272 131 284 66 183 149 104 228 200 223 76 15 396 270 326 341 396 616 533 1492 592 177 80 72 72 110 154 97 92 325 288 431 282 161 60 138 60 54 732 187 139 171 516 332 578 488 152 222 73 557 52 760 160 0 125 224 93 246 649 
827 369 280 246 654 354 1016 1045 770 180 369 358 85 1287 118 458 85 362 410 627 1013 460 332 0 415 664 320 798 282 580 275 740 190 10420 430 432 152 98 296 216 437 670 120 698 144 145 236 240 236 709 378 69 333 357 227 177 433 145 223 195 91 617 263 309 79 61 539 458 588 476 704 531 441 666 700 99 114 73 101 189 254 86 135 498 441 742 394 236 65 248 82 98 850 173 168 189 247 286 599 711 190 356 79 1002 108 517 237 0 122 232 179 426 865 
1042 996 471 600 1351 1018 2315 1479 1482 261 2204 537 321 3789 234 1121 431 624 1039 1415 2379 1931 865 0 1207 1266 753 1643 724 1267 585 1572 481 430 22901 1159 407 173 1075 490 830 1216 508 1150 320 758 629 355 757 1346 701 176 637 706 421 311 1070 357 553 465 197 1041 370 615 198 115 681 843 1102 953 1312 605 1212 2525 1430 374 269 149 210 338 488 198 383 1336 911 1226 783 423 133 427 167 164 1157 312 338 488 672 564 1623 1460 426 754 168 2214 249 1235 409 0 205 464 297 678 2310 
1676 843 426 495 1084 971 1677 2056 1319 314 2901 847 265 2925 323 799 439 679 1033 1042 2735 1720 818 0 1141 1029 576 1508 489 1082 467 1410 358 432 1159 22130 266 142 1232 400 836 1428 358 1499 340 1001 757 521 765 1165 564 200 527 690 346 371 787 270 513 412 170 957 483 480 168 95 1105 713 1006 1052 1177 1027 1402 2944 1335 368 253 143 179 319 515 201 235 950 900 1004 627 407 142 375 176 153 1670 424 366 334 624 461 1180 1245 347 694 155 2201 162 1619 359 0 266 395 260 596 1673 
527 258 95 170 267 327 508 663 369 113 966 262 114 927 99 239 152 253 312 300 876 577 260 0 316 214 140 506 207 269 134 483 134 152 407 266 7075 53 474 122 311 500 153 564 81 332 256 193 261 251 231 48 193 224 176 113 196 83 165 141 60 240 181 145 56 30 377 152 344 332 370 384 435 953 407 145 76 49 53 103 172 75 64 224 260 223 148 137 35 76 33 37 534 175 126 147 308 199 420 406 91 189 48 586 45 556 118 0 98 167 79 152 497 
305 89 113 71 214 160 275 379 284 59 564 142 60 462 50 137 79 98 125 273 436 329 123 0 245 206 156 138 49 208 107 202 79 98 173 142 53 3945 243 74 113 260 78 240 42 170 136 98 125 310 51 39 113 112 46 64 155 57 91 67 24 189 82 151 25 29 170 182 142 167 160 211 208 539 307 86 75 22 47 65 68 38 48 159 101 257 154 63 23 93 42 57 298 60 66 33 99 68 113 202 72 102 23 279 39 281 81 0 51 55 57 146 310 
2433 1031 877 612 1943 1122 3407 3373 2297 456 1669 1134 222 3632 299 1542 252 985 1394 2041 2921 1411 976 0 1275 2031 1026 2467 787 1888 966 1880 632 296 1075 1232 474 243 31151 623 1130 2106 314 1806 381 614 686 660 775 2285 956 205 864 885 767 523 1462 421 635 647 279 1774 620 952 248 193 1615 1483 1837 1574 1874 1714 1333 2303 2190 229 334 184 326 488 650 244 409 1550 1366 2191 1370 571 185 646 336 300 2390 494 473 494 963 797 1494 2385 636 1092 218 2739 270 1831 771 0 381 686 502 1390 2178 
728 297 192 193 424 477 655 1082 611 163 1277 332 127 1415 145 371 221 307 493 459 1238 829 382 0 539 386 241 638 256 460 196 651 144 216 490 400 122 74 623 10003 379 674 197 640 132 444 456 265 422 435 268 64 257 241 178 155 282 107 247 214 99 384 223 271 65 54 578 316 464 500 475 506 497 1407 542 171 121 77 72 138 235 84 123 369 461 366 258 166 71 121 77 73 732 188 170 182 340 247 557 601 152 287 82 816 71 753 177 0 143 180 104 226 729 
390 482 397 351 1171 517 1372 644 1441 179 2082 268 264 2850 194 883 343 277 550 1130 2164 1826 704 0 1144 1054 613 841 417 1662 724 1038 308 437 830 836 311 113 1130 379 17209 559 515 457 239 679 553 237 499 1052 414 164 530 336 347 242 728 293 317 238 161 880 289 754 154 114 249 864 797 464 779 521 719 2858 1438 390 160 92 181 263 180 127 216 853 587 1044 727 340 87 369 159 127 594 176 165 261 594 446 829 920 591 414 195 1202 165 881 316 0 114 435 306 549 2028 
862 697 830 572 1895 742 2523 1184 2155 270 4161 398 492 4156 323 1209 615 395 987 1969 4127 2572 979 0 2048 1718 1042 1749 670 1781 1003 1513 479 670 1216 1428 500 260 2106 674 559 28621 602 919 375 1375 997 345 698 2238 892 260 754 468 718 404 1263 401 470 525 330 1518 554 954 270 172 457 1518 1380 888 1530 677 1227 4963 2400 485 194 180 341 395 317 253 357 1287 1221 1882 1304 535 130 706 306 303 992 309 276 441 986 753 1255 1874 715 860 215 1826 269 1680 725 0 188 785 492 1162 2412 
703 347 224 236 563 388 821 891 650 139 612 353 81 1337 124 453 103 307 367 648 852 544 354 0 399 568 408 617 253 555 249 811 175 120 508 358 153 78 314 197 515 602 9682 613 127 210 204 252 287 616 309 74 307 315 187 150 404 130 179 169 90 506 225 331 86 80 446 346 469 475 528 427 439 768 653 127 134 68 89 200 204 92 146 475 426 536 326 195 59 195 83 91 659 177 183 192 294 252 559 540 189 296 89 931 82 501 195 0 129 215 161 325 934 
658 1053 709 607 2039 720 2737 902 2103 280 3527 379 469 4547 355 1324 655 475 984 1689 3624 2621 950 0 1890 1908 1090 1825 850 1818 867 1421 621 698 1150 1499 564 240 1806 640 457 919 613 28272 375 1138 924 281 713 2228 875 273 887 569 613 378 2182 405 620 515 276 1366 529 825 287 158 361 1366 1367 849 1604 594 1307 4225 2115 502 233 208 277 376 360 269 402 1512 1138 1731 1141 561 129 592 282 213 891 311 274 565 1348 755 1645 1801 677 873 261 2160 284 1439 570 0 187 642 454 1084 2452 
531 210 95 140 213 233 460 597 341 113 815 216 100 876 104 213 128 193 305 276 774 462 240 0 309 212 136 386 129 327 93 405 68 144 320 340 81 42 381 132 239 375 127 375 6122 263 179 154 243 348 171 78 153 162 122 104 170 60 152 125 62 217 144 158 41 36 323 161 274 260 326 306 353 766 358 103 89 65 50 103 122 55 62 221 264 242 143 128 35 87 43 38 463 104 119 125 212 135 357 352 110 159 40 517 38 448 95 0 69 129 68 156 417 
1606 734 596 404 1355 834 2273 2131 1537 293 563 713 187 2667 232 1090 164 574 811 1462 1989 1036 612 0 892 1400 797 2058 671 1268 724 1259 455 145 758 1001 332 170 614 444 679 1375 210 1138 263 21297 437 434 451 1745 722 143 636 578 520 273 1061 317 427 433 241 1236 386 670 203 152 893 994 1277 918 1286 1119 664 1193 1570 147 258 119 229 346 439 155 268 1120 967 1570 982 469 108 487 238 189 1651 307 278 385 592 643 1166 1610 481 730 177 1785 227 1091 535 0 282 532 399 978 1755 
1110 587 455 346 1143 726 1613 1490 1058 198 1317 525 177 2210 198 769 217 515 652 1218 1668 1022 535 0 879 1119 634 1187 458 1115 597 985 331 236 629 757 256 136 686 456 553 997 204 924 179 437 16913 349 473 1234 463 139 499 483 345 227 825 228 326 353 138 893 328 572 144 104 688 773 780 789 969 750 740 1565 1163 175 194 95 174 257 341 151 247 947 861 1110 709 329 104 353 180 177 1125 241 261 292 392 421 918 1119 333 571 135 1369 165 936 387 0 186 394 278 648 1231 
254 401 284 212 672 375 1059 343 730 107 1285 131 170 1669 134 582 211 164 367 1015 1303 919 419 0 665 647 401 715 338 695 310 569 257 240 355 521 193 98 660 265 237 345 252 281 154 434 349 10793 351 739 412 82 311 215 300 128 545 148 183 215 120 577 207 382 112 96 162 469 531 313 610 172 497 1513 766 229 98 82 124 168 131 102 185 726 508 707 402 238 58 259 82 106 334 91 98 206 373 308 602 703 265 370 114 838 93 578 232 0 64 268 198 402 887 
867 410 414 302 1180 613 1310 1151 1291 257 1288 451 187 2085 190 804 254 329 531 1256 1711 1234 498 0 870 1003 642 797 341 1059 515 1047 344 236 757 765 261 125 775 422 499 698 287 713 243 451 473 351 15824 1216 429 124 501 411 334 268 720 264 257 242 146 861 322 702 139 153 498 741 695 627 714 718 588 1734 1302 255 188 95 189 291 242 121 239 875 593 1067 718 300 99 390 156 145 927 223 245 240 460 396 667 796 403 464 122 1192 147 821 285 0 196 370 334 532 1522 
2666 1183 478 602 832 1183 2524 3272 1766 437 5334 1364 478 4036 482 1121 641 1023 1638 1324 4651 2288 1130 0 1557 943 580 3119 878 939 527 1828 432 709 1346 1165 251 310 2285 435 1052 2238 616 2228 348 1745 1234 739 1216 32562 1174 215 736 829 746 503 744 362 2556 638 322 1226 647 520 280 121 1740 636 1808 1576 1813 1991 2111 5036 1541 567 321 225 180 537 788 474 235 939 1220 1028 589 554 201 273 212 185 2506 599 517 587 1323 954 2097 2181 356 818 216 2802 163 2883 662 0 509 674 256 629 1942 
1220 321 394 318 1057 546 1185 1576 1130 235 2406 541 207 1768 218 655 347 369 650 1022 1732 1184 515 0 1017 1000 553 493 141 952 425 713 342 378 701 564 231 51 956 268 414 892 309 875 171 722 463 412 429 1174 15432 119 419 438 101 226 644 187 312 177 52 760 214 442 75 104 756 772 478 677 524 886 888 2403 1207 303 185 79 171 224 346 171 189 639 319 1177 705 184 88 336 152 136 1119 308 233 74 254 146 298 665 504 341 74 1206 96 1259 233 0 203 175 282 599 1152 
274 147 94 95 188 161 297 381 257 59 392 148 47 498 54 171 70 131 180 195 444 263 146 0 182 183 120 240 95 178 89 282 51 69 176 200 48 39 205 64 164 260 74 273 78 143 139 82 124 215 119 3949 73 131 78 77 154 52 88 87 39 175 79 105 34 29 175 130 204 209 214 188 208 512 231 58 46 30 54 65 95 33 49 152 146 194 117 61 19 69 19 31 286 71 58 60 118 78 248 250 71 108 24 350 32 286 58 0 56 84 49 107 310 
1006 351 262 244 652 638 1033 1366 807 237 1884 484 229 1937 195 398 328 396 686 716 1857 1320 563 0 810 671 433 798 358 694 293 898 105 333 637 527 193 113 864 257 530 754 307 887 153 636 499 311 501 736 419 73 13992 277 290 256 489 129 324 260 167 461 316 372 113 56 737 490 544 540 713 661 770 2130 832 234 188 96 123 225 321 157 150 549 366 678 398 268 86 225 111 102 1055 236 232 234 459 395 743 712 243 365 100 895 102 1062 243 0 182 290 186 380 1269 
617 339 305 251 842 449 1155 836 882 162 1742 314 240 1921 164 511 353 269 514 774 1933 1305 493 0 816 773 410 749 391 765 356 838 173 357 706 690 224 112 885 241 336 468 315 569 162 578 483 215 411 829 438 131 277 13313 330 239 508 154 310 207 142 541 287 379 119 63 396 506 508 371 867 472 635 2207 1018 254 78 105 100 151 227 122 157 587 457 807 486 275 71 297 119 90 715 200 179 197 441 352 707 660 274 374 109 762 125 855 245 0 125 326 180 433 1282 
821 351 338 224 635 381 1008 1150 643 163 1825 392 157 1300 147 463 188 368 500 676 1271 714 435 0 709 642 387 403 118 601 286 757 272 227 421 346 176 46 767 178 347 718 187 613 122 520 345 300 334 746 101 78 290 330 11249 140 411 103 210 180 39 616 162 354 50 76 552 552 377 494 608 892 576 1674 771 216 147 47 103 143 219 110 138 408 223 763 596 129 80 200 108 77 809 173 155 83 274 86 299 607 215 282 72 901 72 1013 196 0 135 104 187 579 693 
389 288 183 174 523 322 842 599 497 81 974 182 104 1262 92 361 146 187 388 502 937 669 313 0 475 527 315 594 253 447 236 331 131 177 311 371 113 64 523 155 242 404 150 378 104 273 227 128 268 503 226 77 256 239 140 8228 401 129 180 177 54 344 106 214 55 58 263 357 363 306 481 266 421 1121 619 135 86 60 90 119 126 73 109 444 337 494 305 136 62 171 70 44 392 125 114 121 217 186 369 521 182 261 63 758 81 526 179 0 84 170 118 325 691 
1560 899 323 492 810 868 1202 1767 1186 301 3137 642 305 2923 344 642 479 720 974 900 3035 1556 700 0 1107 721 418 1567 433 736 333 1284 284 433 1070 787 196 155 1462 282 728 1263 404 2182 170 1061 825 545 720 744 644 154 489 508 411 401 20624 237 727 358 194 757 521 379 184 87 909 503 932 1203 1036 1186 1328 2998 1202 391 198 161 109 289 474 206 129 506 570 749 476 347 99 260 137 112 1748 444 407 360 731 476 1202 1128 303 503 99 2082 142 1604 338 0 240 387 182 397 1487 
520 173 135 119 291 349 567 624 403 128 864 250 103 945 89 251 112 197 319 384 805 598 262 0 399 331 205 407 204 329 165 528 66 145 357 270 83 57 421 107 293 401 130 405 60 317 228 148 264 362 187 52 129 154 103 129 237 6909 143 119 73 275 147 187 59 22 308 214 284 288 333 313 366 1070 450 129 75 55 66 92 148 78 65 325 195 331 221 113 39 115 60 64 510 136 107 107 220 168 376 378 124 186 58 470 48 517 143 0 94 132 105 171 605 
588 338 279 288 636 477 1018 792 675 150 1402 296 142 1467 127 450 250 265 424 586 1400 827 383 0 592 608 362 779 259 602 310 656 183 223 553 513 165 91 635 247 317 470 179 620 152 427 326 183 257 2556 312 88 324 310 210 180 727 143 11384 185 87 567 219 240 80 59 383 466 506 431 593 413 575 1336 714 178 96 74 79 141 196 128 140 481 466 601 371 220 54 176 119 71 587 181 147 157 284 253 485 721 208 396 82 896 101 692 182 0 103 190 219 485 903 
662 209 229 186 560 357 732 899 593 155 1267 356 112 1074 135 347 197 227 389 580 1141 758 260 0 558 547 305 496 168 557 264 468 149 195 465 412 141 67 647 214 238 525 169 515 125 433 353 215 242 638 177 87 260 207 180 177 358 119 185 9292 81 375 190 295 77 53 429 409 288 390 396 543 489 1277 618 131 83 47 90 114 160 110 105 390 291 585 382 181 60 179 95 61 648 183 135 94 251 181 319 512 207 231 55 701 91 684 169 0 121 173 163 375 618 
302 129 130 91 249 140 424 421 321 83 582 128 61 588 65 190 101 131 195 275 494 375 138 0 277 265 167 180 53 254 116 191 104 91 197 170 60 24 279 99 161 330 90 276 62 241 138 120 146 322 52 39 167 142 39 54 194 73 87 81 4576 189 53 129 30 40 184 198 173 217 205 233 240 616 332 75 83 29 37 56 93 40 52 225 105 281 182 68 31 112 42 37 313 78 87 38 95 41 138 220 103 123 35 408 41 381 80 0 72 68 109 167 369 
1738 657 458 436 1108 856 1603 2496 1119 371 3618 847 397 3227 352 766 535 691 1129 1157 3635 2065 880 0 1428 1231 615 1754 608 1073 475 810 228 617 1041 957 240 189 1774 384 880 1518 506 1366 217 1236 893 577 861 1226 760 175 461 541 616 344 757 275 567 375 189 24002 412 534 188 91 1166 748 1186 975 1084 1377 1411 3987 1457 433 220 150 186 389 523 241 226 842 634 1166 743 321 121 346 179 166 1849 464 353 385 847 688 1343 1198 442 615 153 1856 145 2067 451 0 287 551 293 734 1877 
541 383 250 217 722 451 970 773 702 121 1198 280 153 1563 145 483 212 260 432 686 1151 903 370 0 599 645 373 561 196 588 298 412 200 263 370 483 181 82 620 223 289 554 225 529 144 386 328 207 322 647 214 79 316 287 162 106 521 147 219 190 53 412 10362 315 62 73 333 457 447 416 502 361 571 1420 747 194 132 71 100 170 193 87 159 627 374 688 397 147 58 222 87 94 533 136 128 151 259 180 426 581 226 365 92 924 111 619 196 0 94 167 175 362 822 
1190 390 215 262 479 591 874 1418 828 225 1793 498 222 1965 209 563 301 445 688 675 1824 1117 606 0 676 431 316 947 344 455 234 974 223 309 615 480 145 151 952 271 754 954 331 825 158 670 572 382 702 520 442 105 372 379 354 214 379 187 240 295 129 534 315 14110 118 106 737 345 730 639 706 818 739 2279 849 280 230 117 102 309 278 121 125 506 534 499 309 250 96 173 99 80 1049 255 230 266 565 422 827 712 165 388 114 1089 91 1126 247 0 222 292 152 236 1104 
356 93 105 80 277 154 330 420 268 62 604 132 52 585 65 185 98 136 189 269 471 345 159 0 232 263 124 201 70 210 90 227 76 79 198 168 56 25 248 65 154 270 86 287 41 203 144 112 139 280 75 34 113 119 50 55 184 59 80 77 30 188 62 118 4349 24 228 169 168 247 178 243 231 589 304 73 49 34 38 69 96 46 52 192 115 284 154 63 36 87 39 33 313 69 80 61 105 58 184 218 89 110 33 339 31 356 71 0 51 72 93 154 341 
208 65 40 34 112 111 206 296 164 68 387 99 48 329 41 79 61 71 136 161 393 214 98 0 187 127 103 180 92 110 51 179 15 61 115 95 30 29 193 54 114 172 80 158 36 152 104 96 153 121 104 29 56 63 76 58 87 22 59 53 40 91 73 106 24 2855 121 79 133 106 122 119 156 461 165 50 46 16 28 57 68 27 26 109 74 121 70 63 18 49 24 21 208 55 44 52 102 82 162 171 47 80 24 147 19 223 71 0 41 70 38 60 227 
272 730 616 366 1411 352 2211 535 1652 156 2951 161 412 3236 224 1097 485 231 691 1266 3012 2724 738 0 1394 1576 777 1501 681 1488 730 892 396 539 681 1105 377 170 1615 578 249 457 446 361 323 893 688 162 498 1740 756 175 737 396 552 263 909 308 383 429 184 1166 333 737 228 121 21210 1227 1124 477 1243 313 800 3361 1846 359 132 151 228 240 179 157 310 1109 896 1574 1007 470 86 462 162 178 456 140 145 383 672 557 1119 1468 513 714 184 1417 211 1022 501 0 96 573 390 988 1678 
1626 755 316 446 604 783 1624 2075 1079 322 3102 728 318 2594 285 674 447 699 999 860 3012 1623 842 0 1007 616 331 1756 530 581 324 1208 270 458 843 713 152 182 1483 316 864 1518 346 1366 161 994 773 469 741 636 772 130 490 506 552 357 503 214 466 409 198 748 457 345 169 79 1227 20440 1079 884 1176 1194 1490 3179 936 351 194 149 106 314 517 265 179 669 662 717 377 359 120 180 134 85 1725 344 347 397 943 614 1164 1268 208 538 161 1780 102 1809 428 0 251 411 170 426 1284 
1767 490 646 397 1476 818 2100 2476 1644 386 3832 814 398 3238 329 948 574 604 1090 1537 3329 2245 826 0 1554 1580 834 1153 413 1310 973 1506 326 588 1102 1006 344 142 1837 464 797 1380 469 1367 274 1277 780 531 695 1808 478 204 544 508 377 363 932 284 506 288 173 1186 447 730 168 133 1124 1079 25177 938 1010 1291 1279 3956 1907 420 236 136 239 310 355 258 257 1081 684 1704 1059 420 133 509 214 197 1822 400 325 224 692 436 820 1375 500 620 150 1517 191 2051 523 0 276 455 392 1114 2234 
878 616 591 405 1746 682 1834 1153 1509 267 2845 431 407 3186 305 879 524 402 858 1314 3029 2042 763 0 1339 1471 1342 1348 564 1250 661 1253 341 476 953 1052 332 167 1574 500 464 888 475 849 260 918 789 313 627 1576 677 209 540 371 494 306 1203 288 431 390 217 975 416 639 247 106 477 884 938 22039 1085 722 1045 3400 1616 385 156 164 223 286 299 188 270 1052 786 1400 869 430 117 413 375 173 995 285 253 357 796 584 1039 1451 453 704 176 1498 189 1315 468 0 173 531 398 789 1992 
2056 563 653 484 1457 1026 1789 2542 1608 412 4071 921 426 3054 421 853 595 688 1184 1516 3550 2222 849 0 1780 1446 837 1442 462 1396 725 1525 396 704 1312 1177 370 160 1874 475 779 1530 528 1604 326 1286 969 610 714 1813 524 214 713 867 608 481 1036 333 593 396 205 1084 502 706 178 122 1243 1176 1010 1085 26575 1580 1414 4168 2011 443 282 136 245 367 442 248 260 938 862 1469 1045 390 130 476 236 235 1960 449 421 244 728 492 949 1261 549 628 162 1866 167 2236 458 0 324 510 375 937 1950 
508 832 791 430 1562 483 2914 834 1705 216 3390 266 439 3640 294 1200 505 338 933 1568 3134 1981 935 0 1555 1563 871 2032 800 1461 853 1035 616 531 605 1027 384 211 1714 506 521 677 427 594 306 1119 750 172 718 1991 886 188 661 472 892 266 1186 313 413 543 233 1377 361 818 243 119 313 1194 1291 722 1580 24576 1138 3734 1837 350 186 163 292 319 255 205 387 1355 1193 1747 1205 529 128 497 291 243 646 192 186 428 1051 671 1210 2052 544 878 219 1893 215 1425 650 0 140 641 453 1164 1586 
1271 841 744 581 1746 939 2576 2225 2026 343 2296 650 343 3413 296 1183 410 618 1134 1632 3320 1918 1005 0 1404 1761 839 2005 693 1592 844 1638 533 441 1212 1402 435 208 1333 497 719 1227 439 1307 353 664 740 497 588 2111 888 208 770 635 576 421 1328 366 575 489 240 1411 571 739 231 156 800 1490 1279 1045 1414 1138 26542 2761 2025 326 231 160 267 354 445 237 357 1270 1092 1804 1074 550 132 576 285 194 1601 386 370 419 826 750 1432 1840 592 793 209 2156 331 1299 589 0 270 563 403 1241 2199 
5416 2374 1941 1685 4332 2645 6812 7255 5520 1081 3564 2484 636 9684 698 3385 651 2026 2848 4718 6608 3646 2414 0 3049 4383 2471 5125 1802 3933 2083 4636 1492 666 2525 2944 953 539 2303 1407 2858 4963 768 4225 766 1193 1565 1513 1734 5036 2403 512 2130 2207 1674 1121 2998 1070 1336 1277 616 3987 1420 2279 589 461 3361 3179 3956 3400 4168 3734 2761 70182 5024 682 845 412 811 1340 1485 623 877 3549 2730 5047 2815 1385 393 1580 656 738 5632 1105 1116 1177 2169 1916 3667 4717 1496 2269 553 6781 661 4103 1815 0 971 1702 1291 2738 5858 
2687 1088 601 690 1654 1435 2897 3504 2284 578 4590 1289 504 5289 452 1530 767 1136 1646 1807 4644 2887 1462 0 1793 1568 830 2733 1012 1480 717 2399 592 700 1430 1335 407 307 2190 542 1438 2400 653 2115 358 1570 1163 766 1302 1541 1207 231 832 1018 771 619 1202 450 714 618 332 1457 747 849 304 165 1846 936 1907 1616 2011 1837 2025 5024 35919 642 363 244 227 640 770 407 387 1502 1271 1653 930 683 235 506 252 204 2765 601 583 645 1374 956 2084 2171 541 1012 244 3192 246 2834 712 0 409 757 402 832 2921 
534 298 201 187 546 383 735 735 702 127 475 278 71 1180 82 443 77 253 310 589 770 438 332 0 381 538 331 564 248 489 262 664 177 99 374 368 145 86 229 171 390 485 127 502 103 147 175 229 255 567 303 58 234 254 216 135 391 129 178 131 75 433 194 280 73 50 359 351 420 385 443 350 326 682 642 8525 108 52 88 156 205 80 128 539 346 531 326 171 46 193 79 65 547 146 130 167 232 240 565 445 179 262 99 785 83 399 155 0 119 191 185 247 867 
223 146 139 86 308 179 421 353 329 73 648 114 95 779 89 212 118 100 216 411 715 496 175 0 337 322 283 353 141 295 155 320 80 114 269 253 76 75 334 121 160 194 134 233 89 258 194 98 188 321 185 46 188 78 147 86 198 75 96 83 83 220 132 230 49 46 132 194 236 156 282 186 231 845 363 108 5422 35 43 99 73 50 59 261 194 340 197 98 23 122 46 52 268 75 66 83 169 151 257 269 124 161 48 312 48 332 101 0 57 151 93 211 522 
242 82 92 71 231 141 257 276 233 38 360 99 38 400 37 141 62 80 122 208 381 245 108 0 208 213 129 149 60 185 120 200 72 73 149 143 49 22 184 77 92 180 68 208 65 119 95 82 95 225 79 30 96 105 47 60 161 55 74 47 29 150 71 117 34 16 151 149 136 164 136 163 160 412 244 52 35 3337 36 41 62 31 43 145 115 228 143 57 28 54 33 40 237 57 55 39 62 57 116 193 63 103 21 269 39 194 69 0 45 47 56 118 273 
403 143 58 79 131 175 282 457 400 68 640 177 75 608 81 182 107 133 208 196 652 359 273 0 314 144 80 385 129 139 80 302 72 101 210 179 53 47 326 72 181 341 89 277 50 229 174 124 189 180 171 54 123 100 103 90 109 66 79 90 37 186 100 102 38 28 228 106 239 223 245 292 267 811 227 88 43 36 4758 98 115 56 38 139 143 154 84 111 27 50 28 30 393 86 85 96 201 139 261 277 71 117 27 370 31 429 99 0 90 114 32 85 321 
415 172 185 120 471 264 627 611 620 104 939 218 109 1285 112 387 175 173 332 596 980 785 327 0 508 492 321 428 175 434 231 541 110 189 338 319 103 65 488 138 263 395 200 376 103 346 257 168 291 537 224 65 225 151 143 119 289 92 141 114 56 389 170 309 69 57 240 314 310 286 367 319 354 1340 640 156 99 41 98 8204 137 69 99 448 259 519 332 150 38 169 70 73 539 103 128 92 257 188 362 394 191 240 57 516 63 547 165 0 83 166 155 268 940 
296 279 234 223 799 314 887 439 725 102 1288 136 169 1356 134 420 252 136 326 609 1265 947 321 0 646 669 415 527 251 633 324 535 154 254 488 515 172 68 650 235 180 317 204 360 122 439 341 131 242 788 346 95 321 227 219 126 474 148 196 160 93 523 193 278 96 68 179 517 355 299 442 255 445 1485 770 205 73 62 115 137 9837 77 131 492 398 618 412 206 48 310 291 83 353 111 105 142 292 247 429 581 213 260 86 744 118 512 162 0 75 234 142 358 898 
295 147 119 112 284 163 735 398 365 73 500 97 55 677 67 202 91 144 172 303 602 383 185 0 257 322 183 390 129 298 167 313 97 86 198 201 75 38 244 84 127 253 92 269 55 155 151 102 121 474 171 33 157 122 110 73 206 78 128 110 40 241 87 121 46 27 157 265 258 188 248 205 237 623 407 80 50 31 56 69 77 5161 54 233 194 346 197 112 24 108 45 40 285 77 65 86 186 145 257 310 113 152 46 416 45 343 128 0 59 116 73 217 421 
520 176 88 133 272 278 292 548 329 100 896 254 106 722 114 206 122 195 299 279 763 496 230 0 336 224 140 392 99 266 132 411 92 135 383 235 64 48 409 123 216 357 146 402 62 268 247 185 239 235 189 49 150 157 138 109 129 65 140 105 52 226 159 125 52 26 310 179 257 270 260 387 357 877 387 128 59 43 38 99 131 54 5985 166 173 261 150 128 41 66 41 38 406 129 109 91 191 168 324 277 79 127 39 445 44 486 82 0 70 157 70 131 481 
1693 586 330 430 910 1134 1097 2166 1488 376 3247 729 394 3049 394 700 476 670 1063 1048 3176 1941 851 0 1293 807 482 1418 504 790 469 1474 325 498 1336 950 224 159 1550 369 853 1287 475 1512 221 1120 947 726 875 939 639 152 549 587 408 444 506 325 481 390 225 842 627 506 192 109 1109 669 1081 1052 938 1355 1270 3549 1502 539 261 145 139 448 492 233 166 22504 633 944 523 411 112 350 166 164 1716 475 455 359 797 621 1249 1063 375 548 147 1817 157 1754 340 0 328 489 270 437 1835 
1385 458 386 296 1091 719 1270 1811 1059 279 2820 643 283 1947 325 530 410 540 847 1055 2571 1573 599 0 1136 998 595 1187 280 1049 469 1060 288 441 911 900 260 101 1366 461 587 1221 426 1138 264 967 861 508 593 1220 319 146 366 457 223 337 570 195 466 291 105 634 374 534 115 74 896 662 684 786 862 1193 1092 2730 1271 346 194 115 143 259 398 194 173 633 18684 977 655 254 122 382 168 138 1389 355 304 163 527 349 715 1283 344 420 91 1368 112 1485 329 0 243 355 250 602 1337 
2646 868 383 557 835 1092 2070 3328 1813 481 4670 1157 456 3980 457 1176 626 859 1613 1098 4295 2312 1173 0 1496 857 464 2404 832 794 478 1958 431 742 1226 1004 223 257 2191 366 1044 1882 536 1731 242 1570 1110 707 1067 1028 1177 194 678 807 763 494 749 331 601 585 281 1166 688 499 284 121 1574 717 1704 1400 1469 1747 1804 5047 1653 531 340 228 154 519 618 346 261 944 977 29914 602 599 175 350 202 172 2517 533 503 566 1334 984 1690 1808 356 840 234 2385 173 2805 674 0 427 648 301 575 2164 
1496 547 258 308 553 654 1360 2068 1063 295 2758 694 304 2387 277 650 401 599 917 705 2620 1380 727 0 961 551 329 1462 519 544 342 1198 282 394 783 627 148 154 1370 258 727 1304 326 1141 143 982 709 402 718 589 705 117 398 486 596 305 476 221 371 382 182 743 397 309 154 70 1007 377 1059 869 1045 1205 1074 2815 930 326 197 143 84 332 412 197 150 523 655 602 18390 378 121 172 149 99 1453 372 275 353 934 522 1035 1197 197 469 143 1438 112 1624 357 0 259 390 142 319 1153 
829 266 237 177 548 359 677 965 622 175 1343 360 133 1304 157 335 187 261 447 541 1223 786 352 0 536 498 297 471 170 451 212 480 161 236 423 407 137 63 571 166 340 535 195 561 128 469 329 238 300 554 184 61 268 275 129 136 347 113 220 181 68 321 147 250 63 63 470 359 420 430 390 529 550 1385 683 171 98 57 111 150 206 112 128 411 254 599 378 9647 58 201 89 84 690 186 140 117 270 186 395 476 225 241 60 781 80 762 149 0 139 166 148 332 684 
153 80 60 57 167 86 217 210 193 40 395 63 39 381 48 132 82 84 105 155 385 239 118 0 169 165 88 164 83 142 62 162 60 65 133 142 35 23 185 71 87 130 59 129 35 108 104 58 99 201 88 19 86 71 80 62 99 39 54 60 31 121 58 96 36 18 86 120 133 117 130 128 132 393 235 46 23 28 27 38 48 24 41 112 122 175 121 58 2904 60 33 29 161 54 28 58 86 81 162 165 64 68 27 250 42 185 48 0 27 51 49 106 178 
753 318 120 216 226 339 664 905 530 167 1297 593 161 1517 158 360 265 350 599 379 1296 929 381 0 516 319 181 679 246 293 132 594 138 248 427 375 76 93 646 121 369 706 195 592 87 487 353 259 390 273 336 69 225 297 200 171 260 115 176 179 112 346 222 173 87 49 462 180 509 413 476 497 576 1580 506 193 122 54 50 169 310 108 66 350 382 350 172 201 60 9820 54 47 744 236 156 144 364 287 768 524 150 256 72 899 73 833 178 0 142 190 104 155 784 
256 102 111 97 168 144 340 406 283 98 607 134 73 626 60 148 91 228 1379 233 565 323 168 0 239 163 112 365 131 175 87 277 60 82 167 176 33 42 336 77 159 306 83 282 43 238 180 82 156 212 152 19 111 119 108 70 137 60 119 95 42 179 87 99 39 24 162 134 214 375 236 291 285 656 252 79 46 33 28 70 291 45 41 166 168 202 149 89 33 54 5032 38 355 80 69 86 201 133 544 272 71 124 30 500 33 386 113 0 56 104 59 116 295 
292 111 72 45 122 533 284 385 221 72 542 136 63 540 73 157 85 119 228 317 545 274 163 0 205 149 87 328 112 160 80 211 54 98 164 153 37 57 300 73 127 303 91 213 38 189 177 106 145 185 136 31 102 90 77 44 112 64 71 61 37 166 94 80 33 21 178 85 197 173 235 243 194 738 204 65 52 40 30 73 83 40 38 164 138 172 99 84 29 47 38 4169 286 64 58 69 196 111 201 237 53 106 33 302 29 341 128 0 60 115 39 73 297 
735 1162 943 620 2233 669 3201 1193 2690 328 4707 388 584 5467 416 1570 752 533 1185 2058 4580 3022 1211 0 2242 2313 1231 2307 948 1943 1100 1459 732 850 1157 1670 534 298 2390 732 594 992 659 891 463 1651 1125 334 927 2506 1119 286 1055 715 809 392 1748 510 587 648 313 1849 533 1049 313 208 456 1725 1822 995 1960 646 1601 5632 2765 547 268 237 393 539 353 285 406 1716 1389 2517 1453 690 161 744 355 286 33949 324 334 551 1063 925 1645 2404 799 1093 259 2774 305 1862 875 0 210 881 663 1516 2943 
231 329 197 208 631 330 895 400 606 74 978 132 134 1280 105 439 180 191 329 543 999 715 321 0 538 485 284 571 277 579 252 464 187 173 312 424 175 60 494 188 176 309 177 311 104 307 241 91 223 599 308 71 236 200 173 125 444 136 181 183 78 464 136 255 69 55 140 344 400 285 449 192 386 1105 601 146 75 57 86 103 111 77 129 475 355 533 372 186 54 236 80 64 324 8490 100 163 301 237 515 561 169 265 81 687 129 461 180 0 57 197 131 301 698 
227 257 180 178 564 271 660 368 510 62 945 139 118 1156 100 341 164 128 292 502 968 644 262 0 500 457 323 497 207 435 204 419 139 168 338 366 126 66 473 170 165 276 183 274 119 278 261 98 245 517 233 58 232 179 155 114 407 107 147 135 87 353 128 230 80 44 145 347 325 253 421 186 370 1116 583 130 66 55 85 128 105 65 109 455 304 503 275 140 28 156 69 58 334 100 7647 141 280 195 421 473 191 255 76 658 85 415 135 0 49 176 134 276 688 
614 137 246 177 547 393 552 756 576 130 1095 275 116 963 122 322 176 213 452 538 1028 703 258 0 540 512 321 237 82 538 237 514 171 189 488 334 147 33 494 182 261 441 192 565 125 385 292 206 240 587 74 60 234 197 83 121 360 107 157 94 38 385 151 266 61 52 383 397 224 357 244 428 419 1177 645 167 83 39 96 92 142 86 91 359 163 566 353 117 58 144 86 69 551 163 141 8242 135 90 175 525 186 167 37 611 59 560 122 0 101 104 137 282 695 
1593 446 490 323 1309 659 1947 2126 1242 210 2232 477 227 1883 195 922 235 924 803 1205 1736 1091 794 0 969 1207 600 759 317 1194 647 1578 516 247 672 624 308 99 963 340 594 986 294 1348 212 592 392 373 460 1323 254 118 459 441 274 217 731 220 284 251 95 847 259 565 105 102 672 943 692 796 728 1051 826 2169 1374 232 169 62 201 257 292 186 191 797 527 1334 934 270 86 364 201 196 1063 301 280 135 18386 314 568 878 392 430 149 1334 277 2619 343 0 202 362 311 842 1289 
988 309 368 243 969 469 1103 1251 937 200 1797 447 169 1624 207 580 289 342 574 912 1482 1074 375 0 838 885 509 484 156 766 385 690 332 286 564 461 199 68 797 247 446 753 252 755 135 643 421 308 396 954 146 78 395 352 86 186 476 168 253 181 41 688 180 422 58 82 557 614 436 584 492 671 750 1916 956 240 151 57 139 188 247 145 168 621 349 984 522 186 81 287 133 111 925 237 195 90 314 13155 258 679 290 286 62 1057 100 989 209 0 178 130 209 538 1065 
1851 470 704 602 2318 1263 2105 2198 1966 355 3611 803 364 3324 344 1173 596 607 928 1781 3199 2402 847 0 1671 1778 921 942 353 1674 794 1596 578 599 1623 1180 420 113 1494 557 829 1255 559 1645 357 1166 918 602 667 2097 298 248 743 707 299 369 1202 376 485 319 138 1343 426 827 184 162 1119 1164 820 1039 949 1210 1432 3667 2084 565 257 116 261 362 429 257 324 1249 715 1690 1035 395 162 768 544 201 1645 515 421 175 568 258 26646 1187 561 631 155 2231 213 1811 367 0 301 360 435 929 2678 
2332 716 739 535 1696 1080 2321 3329 1759 422 4850 1110 463 3682 450 946 671 785 1564 1725 4383 2433 951 0 1947 1682 884 2462 524 1544 779 1653 488 711 1460 1245 406 202 2385 601 920 1874 540 1801 352 1610 1119 703 796 2181 665 250 712 660 607 521 1128 378 721 512 220 1198 581 712 218 171 1468 1268 1375 1451 1261 2052 1840 4717 2171 445 269 193 277 394 581 310 277 1063 1283 1808 1197 476 165 524 272 237 2404 561 473 525 878 679 1187 31271 628 788 167 2183 250 2669 555 0 377 566 421 1196 2135 
908 351 161 229 369 392 719 1035 582 156 1343 363 155 1470 159 408 196 323 502 428 1327 758 412 0 497 367 197 801 278 320 187 705 152 190 426 347 91 72 636 152 591 715 189 677 110 481 333 265 403 356 504 71 243 274 215 182 303 124 208 207 103 442 226 165 89 47 513 208 500 453 549 544 592 1496 541 179 124 63 71 191 213 113 79 375 344 356 197 225 64 150 71 53 799 169 191 186 392 290 561 628 10313 270 80 1174 62 837 212 0 141 223 107 243 736 
1045 421 319 279 683 596 1071 1379 872 224 2124 535 227 1831 248 506 298 374 669 873 1946 1235 466 0 896 755 414 897 263 672 381 865 222 356 754 694 189 102 1092 287 414 860 296 873 159 730 571 370 464 818 341 108 365 374 282 261 503 186 396 231 123 615 365 388 110 80 714 538 620 704 628 878 793 2269 1012 262 161 103 117 240 260 152 127 548 420 840 469 241 68 256 124 106 1093 265 255 167 430 286 631 788 270 14818 70 1109 121 1240 289 0 217 294 189 479 1085 
310 103 85 82 184 154 254 341 283 66 536 128 67 503 67 145 79 113 157 230 507 375 172 0 222 203 111 197 47 189 93 249 73 79 168 155 48 23 218 82 195 215 89 261 40 177 135 114 122 216 74 24 100 109 72 63 99 58 82 55 35 153 92 114 33 24 184 161 150 176 162 219 209 553 244 99 48 21 27 57 86 46 39 147 91 234 143 60 27 72 30 33 259 81 76 37 149 62 155 167 80 70 3920 307 33 324 65 0 57 71 58 125 338 
2367 1147 974 777 2628 1601 3424 3118 2689 617 5756 1148 687 6273 532 1509 1043 926 1685 2270 5760 4135 1576 0 2729 2744 1371 2525 1118 2356 1117 2674 557 1002 2214 2201 586 279 2739 816 1202 1826 931 2160 517 1785 1369 838 1192 2802 1206 350 895 762 901 758 2082 470 896 701 408 1856 924 1089 339 147 1417 1780 1517 1498 1866 1893 2156 6781 3192 785 312 269 370 516 744 416 445 1817 1368 2385 1438 781 250 899 500 302 2774 687 658 611 1334 1057 2231 2183 1174 1109 307 42323 410 2704 748 0 465 881 616 1355 4214 
341 115 57 104 198 220 276 427 231 72 620 179 57 742 72 132 99 108 289 200 602 340 180 0 223 192 104 268 68 151 87 286 52 108 249 162 45 39 270 71 165 269 82 284 38 227 165 93 147 163 96 32 102 125 72 81 142 48 101 91 41 145 111 91 31 19 211 102 191 189 167 215 331 661 246 83 48 39 31 63 118 45 44 157 112 173 112 80 42 73 33 29 305 129 85 59 277 100 213 250 62 121 33 410 4430 321 67 0 58 70 43 107 421 
1608 1236 1097 635 2407 871 3998 2353 2902 442 3059 758 422 4794 378 1758 441 721 1383 2405 4154 2467 1132 0 2050 2408 1251 2751 984 2229 1204 2018 760 517 1235 1619 556 281 1831 753 881 1680 501 1439 448 1091 936 578 821 2883 1259 286 1062 855 1013 526 1604 517 692 684 381 2067 619 1126 356 223 1022 1809 2051 1315 2236 1425 1299 4103 2834 399 332 194 429 547 512 343 486 1754 1485 2805 1624 762 185 833 386 341 1862 461 415 560 2619 989 1811 2669 837 1240 324 2704 321 35997 956 0 309 946 657 1716 2683 
817 232 269 159 464 355 767 1156 651 177 1575 384 155 1248 118 383 232 236 550 659 1422 794 348 0 676 522 282 676 158 496 245 566 160 237 409 359 118 81 771 177 316 725 195 570 95 535 387 232 285 662 233 58 243 245 196 179 338 143 182 169 80 451 196 247 71 71 501 428 523 468 458 650 589 1815 712 155 101 69 99 165 162 128 82 340 329 674 357 149 48 178 113 128 875 180 135 122 343 209 367 555 212 289 65 748 67 956 10606 0 149 233 171 387 751 
0 0 0 0 0 0 0 0 0 0 0 0 0 0 0 0 0 0 0 0 0 0 0 0 0 0 0 0 0 0 0 0 0 0 0 0 0 0 0 0 0 0 0 0 0 0 0 0 0 0 0 0 0 0 0 0 0 0 0 0 0 0 0 0 0 0 0 0 0 0 0 0 0 0 0 0 0 0 0 0 0 0 0 0 0 0 0 0 0 0 0 0 0 0 0 0 0 0 0 0 0 0 0 0 0 0 0 0 0 0 0 0 1 
148 195 192 115 367 142 598 229 416 55 703 66 96 925 72 284 129 98 233 401 781 564 202 0 383 432 255 395 169 387 194 318 125 122 205 266 98 51 381 143 114 188 129 187 69 282 186 64 196 509 203 56 182 125 135 84 240 94 103 121 72 287 94 222 51 41 96 251 276 173 324 140 270 971 409 119 57 45 90 83 75 59 70 328 243 427 259 139 27 142 56 60 210 57 49 101 202 178 301 377 141 217 57 465 58 309 149 0 6011 165 156 230 463 
880 294 280 201 574 457 887 1141 733 177 1635 442 203 1423 144 447 217 293 536 704 1263 823 437 0 663 631 334 514 175 583 256 610 224 232 464 395 167 55 686 180 435 785 215 642 129 532 394 268 370 674 175 84 290 326 104 170 387 132 190 173 68 551 167 292 72 70 573 411 455 531 510 641 563 1702 757 191 151 47 114 166 234 116 157 489 355 648 390 166 51 190 104 115 881 197 176 104 362 130 360 566 223 294 71 881 70 946 233 0 165 11258 172 452 868 
607 198 128 131 207 293 521 754 473 142 939 271 150 1082 123 329 165 234 385 346 986 670 277 0 376 256 182 562 217 194 132 496 93 179 297 260 79 57 502 104 306 492 161 454 68 399 278 198 334 256 282 49 186 180 187 118 182 105 219 163 109 293 175 152 93 38 390 170 392 398 375 453 403 1291 402 185 93 56 32 155 142 73 70 270 250 301 142 148 49 104 59 39 663 131 134 137 311 209 435 421 107 189 58 616 43 657 171 0 156 172 7668 112 634 
1522 543 228 346 452 591 1301 2090 890 242 3147 659 241 2139 304 622 362 531 895 610 2652 1204 625 0 839 488 254 1619 404 446 344 1071 246 426 678 596 152 146 1390 226 549 1162 325 1084 156 978 648 402 532 629 599 107 380 433 579 325 397 171 485 375 167 734 362 236 154 60 988 426 1114 789 937 1164 1241 2738 832 247 211 118 85 268 358 217 131 437 602 575 319 332 106 155 116 73 1516 301 276 282 842 538 929 1196 243 479 125 1355 107 1716 387 0 230 452 112 17561 1075 
2679 1305 764 932 2130 1881 3228 3592 2956 628 4939 1217 569 7256 522 2062 866 1083 1749 2528 5016 4013 1816 0 2089 2049 1204 2653 1064 1829 900 3842 649 866 2310 1673 497 304 2184 729 2025 2414 934 2453 417 1753 1233 887 1520 1943 1152 308 1271 1282 693 691 1487 603 903 619 366 1879 822 1104 341 226 1677 1285 2233 1991 1951 1584 2196 5862 2920 867 522 273 321 939 899 421 480 1835 1335 2167 1152 684 179 783 296 296 2943 697 687 695 1289 1057 2678 2137 736 1086 337 4215 418 2685 752 0 464 867 633 1029 42089 

17424 657 549 297 1109 336 1733 405 1254 158 2577 144 366 2761 220 871 459 189 606 1070 2543 1380 635 0 1313 1410 645 1048 479 1077 503 823 325 476 613 731 239 171 1443 341 238 415 428 364 284 864 554 129 438 1341 610 160 570 349 427 222 694 286 311 347 179 874 262 601 185 110 122 866 985 408 933 282 683 2416 1315 293 113 116 228 242 156 160 258 840 682 1522 798 403 90 347 147 164 415 112 127 323 857 561 1004 1239 503 493 148 1346 177 872 426 0 75 411 346 809 1683 
657 8924 216 195 524 417 625 754 497 145 1277 332 147 959 126 268 252 213 348 487 1290 662 317 0 611 547 296 384 142 515 238 595 119 216 596 409 131 57 646 150 329 345 223 567 111 408 326 208 225 676 199 98 208 187 183 159 379 103 197 117 84 355 222 219 65 37 349 439 282 306 302 499 452 1252 584 172 75 46 94 100 155 89 95 340 231 558 293 160 43 181 57 61 661 151 143 83 289 182 275 429 199 206 58 656 61 774 131 0 103 160 134 306 890 
549 216 6515 119 141 226 424 640 604 101 988 274 134 918 151 205 155 179 412 241 994 445 273 0 397 182 109 506 172 181 106 430 68 167 282 207 45 66 520 94 258 374 135 391 54 321 242 133 209 269 209 51 162 166 173 107 136 74 162 129 71 243 118 104 64 22 278 159 341 291 331 435 352 945 318 107 70 40 34 99 120 59 45 184 195 233 136 130 35 55 73 35 487 93 96 132 280 194 401 391 89 153 44 553 38 619 139 0 97 146 83 130 496 
297 195 119 5625 321 242 470 383 283 82 680 153 94 750 77 186 130 126 230 267 774 525 206 0 358 336 197 327 158 286 128 406 102 148 344 239 80 44 377 96 222 247 148 325 87 225 187 116 155 309 167 62 146 129 107 88 216 78 169 96 54 260 104 134 45 19 149 257 231 184 241 253 276 839 355 114 43 42 52 67 115 59 72 202 146 346 152 109 34 110 63 26 320 89 100 79 187 142 337 294 144 126 39 418 63 388 97 0 54 107 77 199 593 
1109 524 141 321 13568 527 948 1638 743 230 1887 523 219 1783 228 511 359 476 796 426 1856 932 590 0 756 387 222 886 398 322 182 1040 228 357 686 413 109 107 1063 172 679 756 300 980 95 629 513 285 533 373 516 91 338 399 269 239 288 141 305 261 140 472 312 232 139 50 547 284 717 667 592 714 837 1928 730 280 114 116 62 238 344 155 109 398 482 442 265 275 68 105 89 59 995 246 273 259 696 511 1116 817 181 232 80 1248 92 1193 224 0 156 257 111 240 1298 
336 417 226 242 527 9397 898 435 692 110 1271 176 135 1390 132 435 195 201 345 911 1318 690 377 0 650 545 302 571 278 508 233 659 183 203 493 382 130 67 564 204 313 292 227 378 118 363 286 152 268 513 268 85 337 238 185 139 319 169 206 160 87 417 199 260 78 42 143 362 404 304 439 230 465 1156 631 183 86 67 89 149 153 93 127 504 294 568 311 177 46 161 76 246 358 128 142 178 362 261 661 543 201 229 74 810 119 476 189 0 75 204 162 310 1112 
1733 625 424 470 948 898 21441 2061 1282 350 3452 1050 401 2578 393 648 517 558 1045 953 3381 1453 857 0 1268 937 469 1288 408 795 410 1499 362 547 1204 665 214 128 1871 312 801 1071 469 1334 233 1103 770 503 632 1149 579 162 570 614 459 413 473 319 518 354 234 750 439 425 166 102 852 812 1013 736 764 1441 1252 3120 1327 358 189 132 153 355 379 403 141 492 554 1118 644 363 106 303 186 137 1524 361 305 268 1098 571 1074 1194 377 438 125 1676 138 2121 364 0 269 389 311 721 2015 
405 754 640 383 1638 435 2061 20920 1450 197 3132 240 416 2959 247 983 556 241 784 1191 3183 1573 716 0 1608 1540 865 1456 545 1226 615 1054 425 517 769 806 288 179 1780 438 387 500 464 470 298 1034 674 157 520 1534 709 209 719 423 483 303 704 344 408 396 244 1092 354 628 223 151 206 997 1124 506 1030 412 1041 3045 1566 359 173 136 230 327 203 210 229 942 752 1705 934 460 105 421 207 180 572 174 182 324 1054 668 1091 1566 486 567 148 1535 196 1148 548 0 114 472 425 1056 2131 
1254 497 604 283 743 692 1282 1450 16778 284 2383 592 277 2448 232 645 366 428 860 804 2214 1084 758 0 978 813 425 1010 391 645 315 1257 207 416 743 512 161 140 1230 280 805 847 353 1005 172 758 486 312 603 799 543 142 428 412 285 262 447 221 317 284 182 534 360 396 137 79 610 534 843 621 733 863 968 2348 1031 359 133 122 202 345 334 194 126 697 474 990 465 310 91 269 149 118 1292 273 251 267 623 488 1038 890 311 341 130 1322 120 1515 308 0 191 322 256 475 1896 
158 145 101 82 230 110 350 197 284 3872 458 87 69 594 54 196 86 67 123 249 478 272 151 0 291 246 122 200 96 191 104 212 64 102 150 130 57 28 281 82 109 133 82 150 56 157 108 53 149 227 125 38 144 89 90 41 139 80 95 96 54 186 65 118 33 37 67 159 207 128 189 118 196 527 301 69 39 25 40 67 48 41 50 184 149 275 158 104 23 73 48 39 162 36 32 74 112 116 199 224 91 89 31 322 41 225 89 0 32 91 84 139 427 
2577 1277 988 680 1887 1271 3452 3132 2383 458 32399 1123 295 3744 307 1671 254 857 1401 1942 3168 1468 1152 0 1520 2302 1104 2666 904 1772 910 2465 831 244 1244 1271 434 285 989 607 1319 1776 364 1790 413 350 651 624 644 2487 1213 238 1140 894 909 516 1297 502 700 628 369 1826 593 906 334 210 1241 1621 1998 1279 1840 1742 1259 1785 2203 260 308 192 350 547 590 304 434 1560 1302 2590 1284 738 219 657 378 265 2383 467 503 560 1240 995 1993 2499 749 899 258 3012 353 1711 806 0 340 771 550 1637 3197 
144 332 274 153 523 176 1050 240 592 87 1123 8238 168 1228 105 403 202 87 282 479 1151 622 307 0 603 578 302 501 231 502 242 412 156 208 286 385 118 75 675 173 167 184 204 218 114 382 261 67 217 656 287 77 288 162 204 98 274 147 173 188 76 422 142 246 84 49 63 381 435 198 456 150 321 1181 648 139 56 55 101 126 72 66 114 394 306 672 357 200 37 297 73 62 205 64 68 118 270 241 478 599 213 233 61 608 96 416 213 0 36 210 180 346 771 
366 147 134 94 219 135 401 416 277 69 295 168 4251 506 53 228 53 118 201 274 405 173 147 0 190 256 158 260 106 239 111 295 82 51 197 121 67 40 150 61 184 259 51 264 59 115 96 98 114 264 115 28 145 141 85 55 143 64 90 70 40 229 82 124 33 23 177 184 243 196 237 261 213 348 286 44 51 25 46 64 81 33 52 219 154 268 155 75 22 77 45 41 346 68 65 74 147 87 241 271 110 111 34 422 37 259 95 0 58 114 95 153 391 
2761 959 918 750 1783 1390 2578 2959 2448 594 3744 1228 506 33759 445 1512 667 819 1616 1854 4544 2298 1497 0 2076 1987 1043 1885 666 1711 733 2940 520 685 1891 1132 378 252 2009 600 1654 1687 720 2211 433 1325 992 715 947 1846 878 269 1014 941 564 660 1059 489 777 525 337 1540 736 882 308 153 1234 1291 1656 1381 1391 1758 1651 4130 2340 597 342 199 345 638 583 371 296 1407 833 2119 1147 667 201 676 341 270 2595 510 544 431 992 867 1800 1895 757 709 233 3148 400 2494 613 0 414 617 618 1091 4399 
220 126 151 77 228 132 393 247 232 54 307 105 53 445 3679 169 60 83 160 216 397 200 104 0 223 245 163 253 104 206 110 234 67 75 133 149 51 32 181 66 120 150 72 187 58 145 101 73 96 240 117 31 118 104 77 47 152 49 75 74 43 183 75 114 32 21 100 157 172 132 207 160 154 361 220 42 47 23 51 67 69 41 61 200 153 275 135 89 24 79 40 31 228 52 50 67 108 119 210 250 100 109 38 292 38 220 66 0 42 68 78 162 327 
871 268 205 186 511 435 648 983 645 196 1671 403 228 1512 169 11085 272 269 487 563 1595 852 484 0 701 513 277 576 246 470 214 938 114 258 609 350 111 69 904 165 569 498 267 664 114 554 383 278 368 541 334 93 223 248 231 180 253 127 253 170 108 405 244 284 97 41 442 360 509 367 404 627 594 1599 755 230 88 73 93 191 173 113 89 337 243 657 327 171 80 192 82 78 773 190 171 145 531 320 636 530 209 213 69 780 82 932 199 0 127 207 190 342 1322 
459 252 155 130 359 195 517 556 366 86 254 202 53 667 60 272 5575 168 223 293 539 236 219 0 209 366 200 384 139 292 130 441 112 60 256 195 72 49 164 116 232 290 65 375 74 108 132 116 135 360 194 44 183 201 102 80 237 62 154 97 67 292 117 167 60 41 213 245 313 258 303 288 243 366 395 38 55 36 63 106 123 61 66 256 211 386 216 106 55 161 49 46 422 86 82 105 139 166 361 397 127 126 35 617 58 279 144 0 71 107 102 221 567 
189 213 179 126 476 201 558 241 428 67 857 87 118 819 83 269 168 6303 188 396 869 504 249 0 473 401 236 289 168 391 196 340 188 182 317 252 104 41 535 135 153 152 164 244 102 281 245 72 145 413 182 62 233 139 141 102 257 94 112 101 70 300 108 192 74 39 82 332 288 158 283 151 290 847 501 123 45 33 66 83 60 74 72 274 218 414 271 143 37 159 112 57 244 76 62 100 443 165 292 374 161 155 53 416 49 356 116 0 55 134 136 284 657 
606 348 412 230 796 345 1045 784 860 123 1401 282 201 1616 160 487 223 188 11960 687 1479 774 444 0 785 816 380 695 259 641 310 759 201 244 575 478 145 67 835 247 344 457 228 543 173 464 320 183 302 824 356 105 396 287 273 194 392 193 227 198 128 563 239 360 116 70 295 525 542 397 587 492 585 1470 802 179 105 59 131 198 179 102 136 562 388 930 471 217 67 292 772 107 609 168 160 208 426 338 557 861 284 276 69 952 163 788 286 0 113 261 234 482 1152 
1070 487 241 267 426 911 953 1191 804 249 1942 479 274 1854 216 563 293 396 687 13856 1883 1019 635 0 823 456 286 1049 342 429 242 969 155 317 685 386 116 123 1078 193 648 771 367 788 138 659 520 419 555 573 482 108 379 349 303 232 316 191 267 272 154 503 305 315 141 64 507 385 741 529 650 735 733 1974 765 269 177 104 107 310 272 161 125 450 423 544 318 269 70 153 118 131 935 195 225 253 615 474 846 807 218 320 97 1088 114 1184 309 0 164 291 180 298 1489 
2543 1290 994 774 1856 1318 3381 3183 2214 478 3168 1151 405 4544 397 1595 539 869 1479 1883 33201 1915 1226 0 1789 2156 1086 2304 763 1740 852 2228 626 591 1362 1198 393 237 1759 584 1313 1841 503 1988 391 1065 837 633 890 2304 961 263 1074 988 579 519 1209 490 728 564 327 1777 588 939 258 202 1286 1560 1762 1319 1664 1676 1669 3247 2253 415 366 209 377 551 603 363 358 1577 1137 2447 1339 654 211 658 327 269 2297 478 494 531 1006 838 1771 2351 742 836 259 3085 344 2375 745 0 383 596 606 1425 3242 
1380 662 445 525 932 690 1453 1573 1084 272 1468 622 173 2298 200 852 236 504 774 1019 1915 17512 737 0 834 1082 501 1195 445 816 418 1547 268 229 921 573 206 149 691 337 966 942 278 1113 175 450 420 376 500 905 520 132 607 562 311 262 518 286 374 337 197 866 369 462 182 90 873 710 1027 717 833 920 874 1380 1216 202 186 117 182 338 364 169 181 751 595 1123 597 325 92 365 150 118 1230 245 265 292 540 501 1102 1106 377 436 159 1792 155 1169 363 0 237 320 347 562 2216 
635 317 273 206 590 377 857 716 758 151 1152 307 147 1497 104 484 219 249 444 635 1226 737 10364 0 645 649 314 514 262 578 273 814 274 202 494 367 115 71 578 199 464 484 216 531 134 342 285 210 269 584 283 91 355 268 212 170 287 170 204 139 81 462 200 340 98 63 324 485 478 334 405 519 513 1239 789 210 86 69 179 189 161 114 107 448 301 734 400 190 66 220 111 92 607 163 143 149 489 208 517 546 242 194 96 851 118 674 205 0 112 244 174 377 1211 
0 0 0 0 0 0 0 0 0 0 0 0 0 0 0 0 0 0 0 0 0 0 0 0 0 0 0 0 0 0 0 0 0 0 0 0 0 0 0 0 0 0 0 0 0 0 0 0 0 0 0 0 0 0 0 0 0 0 0 0 0 0 0 0 0 0 0 0 0 0 0 0 0 0 0 0 0 0 0 0 0 0 0 0 0 0 0 0 0 0 0 0 0 0 0 0 0 0 0 0 0 0 0 0 0 0 0 0 0 0 0 0 5 
1313 611 397 358 756 650 1268 1608 978 291 1520 603 190 2076 223 701 209 473 785 823 1789 834 645 0 15901 821 420 1122 379 710 341 1175 228 254 729 528 164 127 805 292 734 948 257 1077 178 485 486 326 504 797 568 121 481 424 389 272 492 232 339 319 177 732 323 373 146 108 637 590 852 646 899 902 763 1547 976 223 170 111 167 298 319 157 176 673 556 936 514 302 108 278 148 115 1211 270 272 298 588 525 997 1071 302 451 118 1514 132 1222 408 0 196 357 215 511 1394 
1410 547 182 336 387 545 937 1540 813 246 2302 578 256 1987 245 513 366 401 816 456 2156 1082 649 0 821 14787 206 1002 353 325 222 1080 189 383 728 470 97 119 1181 178 660 812 348 1067 112 722 583 328 518 459 555 100 377 386 307 290 293 193 313 284 168 612 318 238 149 63 654 336 863 653 696 832 817 2102 832 293 146 110 79 277 334 170 116 437 453 522 283 278 93 168 95 71 1158 224 232 263 663 507 981 938 227 316 98 1475 99 1310 296 0 192 339 161 275 1326 
645 296 109 197 222 302 469 865 425 122 1104 302 158 1043 163 277 200 236 380 286 1086 501 314 0 420 206 7772 481 165 201 125 577 89 164 403 213 61 92 566 96 363 416 228 530 66 387 295 184 321 267 279 60 233 198 190 154 171 110 195 138 105 286 179 148 64 50 315 130 433 551 387 436 404 1090 381 166 141 74 44 170 192 95 69 208 231 257 143 167 39 98 54 43 561 127 158 140 327 281 472 446 103 155 51 681 52 646 154 0 118 161 102 116 742 
1048 384 506 327 886 571 1288 1456 1010 200 2666 501 260 1885 253 576 384 289 695 1049 2304 1195 514 0 1122 1002 481 15816 200 872 455 936 243 433 789 593 189 68 1271 268 463 664 327 807 170 902 547 304 366 1297 246 111 386 307 177 266 540 206 351 253 110 764 233 412 95 82 505 810 531 513 582 903 825 2052 1155 272 144 71 192 203 223 191 175 644 447 1180 626 225 79 311 175 152 1059 198 224 99 385 246 456 1103 430 327 82 1163 136 1333 298 0 163 232 297 774 1516 
479 142 172 158 398 278 408 545 391 96 904 231 106 666 104 246 139 168 259 342 763 445 262 0 379 353 165 200 6178 363 169 436 155 131 358 190 92 28 435 117 255 282 149 406 65 308 213 149 175 409 75 51 192 186 51 117 155 111 126 84 33 271 101 157 43 46 274 262 208 237 201 392 335 802 466 135 68 35 71 91 104 75 50 241 114 440 249 82 40 117 83 47 424 118 98 33 175 89 194 283 152 89 19 545 27 534 80 0 72 97 114 226 643 
1077 515 181 286 322 508 795 1226 645 191 1772 502 239 1711 206 470 292 391 641 429 1740 816 578 0 710 325 201 872 363 12803 205 936 209 314 661 392 118 114 1013 205 1004 699 300 894 133 618 448 311 489 398 483 90 371 360 291 224 300 190 326 258 151 511 284 204 114 43 567 296 635 514 599 756 765 1778 691 243 141 80 86 214 282 164 116 360 439 421 279 227 79 147 94 78 945 234 221 256 663 408 879 750 177 264 75 1170 76 1215 250 0 185 261 103 238 1125 
503 238 106 128 182 233 410 615 315 104 910 242 111 733 110 214 130 196 310 242 852 418 273 0 341 222 125 455 169 205 6307 458 92 156 298 183 53 52 490 89 413 399 123 389 56 324 275 130 226 244 211 43 163 154 148 114 132 82 148 114 58 208 134 106 45 25 275 159 465 260 292 417 383 892 324 134 71 65 42 109 139 81 51 219 189 263 146 93 35 59 37 35 469 96 93 102 339 189 388 368 87 146 40 536 37 571 108 0 75 126 68 185 543 
823 595 430 406 1040 659 1499 1054 1257 212 2465 412 295 2940 234 938 441 340 759 969 2228 1547 814 0 1175 1080 577 936 436 936 458 17757 344 444 891 674 238 109 1201 334 687 706 511 806 233 756 513 310 563 940 412 161 546 434 393 207 562 338 371 261 146 476 222 544 143 95 434 671 900 604 788 572 852 2383 1283 379 169 106 174 311 260 183 206 806 550 1185 658 303 101 337 173 119 813 222 234 274 949 396 941 962 435 401 133 1530 175 1152 327 0 159 321 314 608 2649 
325 119 68 102 228 183 362 425 207 64 831 156 82 520 67 114 112 188 201 155 626 268 274 0 228 189 89 243 155 209 92 344 4462 103 235 134 47 32 340 76 179 184 95 310 28 200 156 115 148 202 144 32 64 67 125 62 108 37 89 68 52 110 87 102 32 6 155 151 163 135 181 296 252 682 283 82 42 30 29 60 61 60 38 142 133 222 143 76 33 60 36 22 348 91 69 69 293 151 278 246 88 82 34 299 25 387 83 0 60 93 54 142 394 
476 216 167 148 357 203 547 517 416 102 244 208 51 685 75 258 60 182 244 317 591 229 202 0 254 383 164 433 131 314 156 444 103 5726 249 214 83 62 194 107 283 321 77 381 86 93 126 113 129 390 207 46 208 189 122 97 188 87 134 103 58 269 136 154 47 35 251 263 332 223 346 301 248 345 350 55 44 49 50 119 132 54 75 257 223 438 229 123 43 125 46 47 426 84 93 99 141 183 354 390 115 158 38 544 56 316 130 0 66 122 128 249 578 
613 596 282 344 686 493 1204 769 743 150 1244 286 197 1891 133 609 256 317 575 685 1362 921 494 0 729 728 403 789 358 661 298 891 235 249 12268 505 196 91 657 260 528 562 326 633 169 396 327 186 380 692 375 115 386 384 234 182 449 213 297 246 120 558 191 349 113 59 292 461 618 461 623 325 648 1311 727 223 134 81 118 214 235 107 196 614 476 700 417 235 81 211 106 90 570 162 175 251 401 331 912 825 241 313 79 1194 142 724 231 0 101 247 184 370 1545 
731 409 207 239 413 382 665 806 512 130 1271 385 121 1132 149 350 195 252 478 386 1198 573 367 0 528 470 213 593 190 392 183 674 134 214 505 9203 110 61 602 159 427 487 170 664 101 451 324 213 328 440 216 84 255 303 145 175 252 124 232 170 95 385 171 179 78 35 357 275 475 346 405 428 550 1121 529 173 101 59 67 154 204 96 96 378 331 454 241 195 74 145 99 47 676 146 151 136 274 216 506 518 157 236 63 960 70 703 174 0 110 172 125 259 877 
239 131 45 80 109 130 214 288 161 57 434 118 67 378 51 111 72 104 145 116 393 206 115 0 164 97 61 189 92 118 53 238 47 83 196 110 3141 24 247 42 164 191 84 262 41 146 113 76 102 107 103 20 100 115 79 57 59 45 87 53 34 95 76 63 22 19 126 79 147 120 148 172 202 367 178 71 41 21 30 47 71 43 31 86 112 114 63 73 13 29 14 12 236 80 53 62 154 98 186 177 41 72 22 256 23 281 51 0 49 69 46 72 288 
171 57 66 44 107 67 128 179 140 28 285 75 40 252 32 69 49 41 67 123 237 149 71 0 127 119 92 68 28 114 52 109 32 62 91 61 24 2058 123 46 71 128 53 125 27 92 72 44 67 147 33 20 65 69 24 37 68 34 48 38 17 91 43 73 18 11 74 94 81 78 87 118 108 257 157 44 29 13 29 37 28 23 20 82 47 136 94 39 13 41 23 26 133 29 45 21 59 42 55 108 47 42 10 140 21 162 38 0 28 21 33 75 211 
1443 646 520 377 1063 564 1871 1780 1230 281 989 675 150 2009 181 904 164 535 835 1078 1759 691 578 0 805 1181 566 1271 435 1013 490 1201 340 194 657 602 247 123 17530 331 762 1017 211 1023 218 346 386 373 447 1260 557 125 543 501 439 298 661 242 373 359 168 921 352 519 151 92 718 843 1029 751 947 1037 745 1175 1186 139 167 98 209 303 357 144 236 866 695 1343 771 347 112 365 207 162 1319 254 273 266 604 493 892 1356 381 500 112 1646 162 1142 434 0 194 375 306 819 1511 
341 150 94 96 172 204 312 438 280 82 607 173 61 600 66 165 116 135 247 193 584 337 199 0 292 178 96 268 117 205 89 334 76 107 260 159 42 46 331 4586 211 266 97 300 49 229 221 103 188 172 118 27 129 117 64 77 113 54 122 92 54 188 107 107 31 28 215 131 211 187 209 252 236 551 214 93 43 43 35 58 88 42 50 179 198 168 101 72 32 53 37 37 323 70 71 69 182 121 290 303 82 110 36 407 47 360 88 0 58 87 64 96 429 
238 329 258 222 679 313 801 387 805 109 1319 167 184 1654 120 569 232 153 344 648 1313 966 464 0 734 660 363 463 255 1004 413 687 179 283 528 427 164 71 762 211 10376 304 347 285 158 417 304 123 293 610 262 93 349 207 203 133 348 190 222 137 110 507 160 423 98 67 130 515 504 245 449 303 410 1560 810 227 80 52 109 161 97 95 127 488 333 668 422 219 51 225 100 69 342 91 100 162 414 276 530 561 396 224 117 748 95 566 206 0 73 253 212 371 1493 
415 345 374 247 756 292 1071 500 847 133 1776 184 259 1687 150 498 290 152 457 771 1841 942 484 0 948 812 416 664 282 699 399 706 184 321 562 487 191 128 1017 266 304 12261 284 425 162 593 436 130 299 923 399 130 364 208 300 177 451 194 214 245 180 610 212 376 116 73 185 628 590 339 620 284 520 1860 961 207 86 79 152 190 127 120 146 532 445 877 528 228 58 288 154 129 443 103 139 179 471 318 600 862 342 317 65 799 137 797 308 0 74 302 268 547 1280 
428 223 135 148 300 227 469 464 353 82 364 204 51 720 72 267 65 164 228 367 503 278 216 0 257 348 228 327 149 300 123 511 95 77 326 170 84 53 211 97 347 284 5587 347 66 119 114 141 168 337 191 46 199 179 106 88 174 84 107 93 58 284 134 189 58 51 211 222 286 229 288 254 267 409 367 73 68 34 58 123 110 53 83 276 211 333 177 129 40 112 57 47 351 101 98 118 192 147 354 333 118 139 42 528 52 323 110 0 76 124 103 209 665 
364 567 391 325 980 378 1334 470 1005 150 1790 218 264 2211 187 664 375 244 543 788 1988 1113 531 0 1077 1067 530 807 406 894 389 806 310 381 633 664 262 125 1023 300 285 425 347 14481 200 597 481 142 363 1097 458 156 518 292 295 196 858 255 358 265 170 672 269 430 167 79 164 726 711 368 748 318 686 1963 1004 289 121 110 164 223 202 150 184 758 526 989 544 294 73 303 150 97 463 135 146 296 700 409 880 994 381 359 114 1162 150 790 303 0 97 302 282 582 1584 
284 111 54 87 95 118 233 298 172 56 413 114 59 433 58 114 74 102 173 138 391 175 134 0 178 112 66 170 65 133 56 233 28 86 169 101 41 27 218 49 158 162 66 200 3115 146 95 69 108 142 86 39 79 90 69 55 60 37 78 61 34 123 60 68 22 21 121 89 162 128 148 164 182 366 165 51 37 30 32 59 65 36 38 114 109 134 67 65 22 59 26 21 226 43 64 68 122 77 199 175 62 71 16 270 23 260 51 0 31 65 44 87 270 
864 408 321 225 629 363 1103 1034 758 157 350 382 115 1325 145 554 108 281 464 659 1065 450 342 0 485 722 387 902 308 618 324 756 200 93 396 451 146 92 346 229 417 593 119 597 146 10850 207 212 225 830 366 68 366 317 256 152 432 176 232 222 150 618 208 340 117 81 366 502 674 432 596 552 343 526 784 87 136 72 116 179 202 93 127 558 439 880 479 232 56 232 130 96 869 140 152 190 342 376 646 838 273 314 91 1004 131 626 278 0 125 246 236 516 1116 
554 326 242 187 513 286 770 674 486 108 651 261 96 992 101 383 132 245 320 520 837 420 285 0 486 583 295 547 213 448 275 513 156 126 327 324 113 72 386 221 304 436 114 481 95 207 8182 161 237 569 234 80 278 253 165 126 308 141 165 162 81 402 159 266 75 50 254 356 394 319 439 343 364 728 564 93 82 44 100 140 150 87 114 449 391 581 333 178 63 170 106 92 530 101 129 140 191 212 465 571 183 206 60 706 87 511 181 0 83 164 164 317 768 
129 208 133 116 285 152 503 157 312 53 624 67 98 715 73 278 116 72 183 419 633 376 210 0 326 328 184 304 149 311 130 310 115 113 186 213 76 44 373 103 123 130 141 142 69 212 161 5036 149 336 223 40 165 112 139 61 196 69 99 101 63 251 97 154 67 37 65 227 265 130 247 90 225 623 335 108 44 48 64 90 64 52 68 334 218 340 165 116 32 119 49 52 146 44 51 88 204 159 288 338 138 144 48 403 48 283 115 0 27 121 100 200 515 
438 225 209 155 533 268 632 520 603 149 644 217 114 947 96 368 135 145 302 555 890 500 269 0 504 518 321 366 175 489 226 563 148 129 380 328 102 67 447 188 293 299 168 363 108 225 237 149 7760 599 245 69 285 201 157 134 253 144 125 116 86 394 146 347 91 63 209 375 356 260 336 354 284 813 564 131 79 47 105 157 101 65 112 384 257 592 371 154 51 173 89 61 456 102 119 115 245 213 339 403 224 180 57 625 74 436 158 0 81 160 187 282 943 
1341 676 269 309 373 513 1149 1534 799 227 2487 656 264 1846 240 541 360 413 824 573 2304 905 584 0 797 459 267 1297 409 398 244 940 202 390 692 440 107 147 1260 172 610 923 337 1097 142 830 569 336 599 15433 566 93 392 390 344 249 295 194 1192 301 191 535 287 246 159 60 683 334 856 648 766 950 994 2123 670 265 143 113 102 285 331 250 119 430 524 548 303 271 99 122 108 76 1150 264 244 264 720 513 1052 1054 192 311 104 1294 77 1519 324 0 227 317 155 343 1149 
610 199 209 167 516 268 579 709 543 125 1213 287 115 878 117 334 194 182 356 482 961 520 283 0 568 555 279 246 75 483 211 412 144 207 375 216 103 33 557 118 262 399 191 458 86 366 234 223 245 566 7878 66 239 203 50 109 267 108 155 88 30 375 111 244 40 48 306 380 261 321 250 495 432 1091 604 151 83 47 92 132 152 97 106 314 148 693 363 86 44 178 84 72 531 142 119 42 150 79 166 335 289 149 41 642 44 709 120 0 92 87 157 325 719 
160 98 51 62 91 85 162 209 142 38 238 77 28 269 31 93 44 62 105 108 263 132 91 0 121 100 60 111 51 90 43 161 32 46 115 84 20 20 125 27 93 130 46 156 39 68 80 40 69 93 66 2178 45 87 37 40 72 30 48 46 26 93 40 58 22 12 68 74 117 103 105 111 120 246 131 40 26 21 28 37 56 15 29 83 66 121 64 38 9 31 14 21 152 34 32 38 59 57 141 136 42 51 13 195 23 163 35 0 31 52 33 67 205 
570 208 162 146 338 337 570 719 428 144 1140 288 145 1014 118 223 183 233 396 379 1074 607 355 0 481 377 233 386 192 371 163 546 64 208 386 255 100 65 543 129 349 364 199 518 79 366 278 165 285 392 239 45 7842 163 155 153 199 83 197 149 111 264 177 208 62 33 347 280 311 272 369 386 443 1096 465 129 91 58 74 131 166 88 85 298 176 382 227 154 51 130 66 65 576 113 122 131 277 248 448 432 141 177 48 508 63 642 136 0 111 139 123 235 847 
349 187 166 129 399 238 614 423 412 89 894 162 141 941 104 248 201 139 287 349 988 562 268 0 424 386 198 307 186 360 154 434 67 189 384 303 115 69 501 117 207 208 179 292 90 317 253 112 201 390 203 87 163 6773 155 134 202 94 176 101 89 262 150 184 69 37 176 261 279 148 401 249 341 1034 503 132 41 54 63 85 114 70 82 272 211 454 238 126 45 152 64 44 353 90 95 98 234 200 371 333 146 158 57 420 73 476 133 0 65 162 104 253 793 
427 183 173 107 269 185 459 483 285 90 909 204 85 564 77 231 102 141 273 303 579 311 212 0 389 307 190 177 51 291 148 393 125 122 234 145 79 24 439 64 203 300 106 295 69 256 165 139 157 344 50 37 155 155 5407 77 169 68 91 102 23 281 78 164 24 42 210 262 212 217 258 428 265 736 339 109 73 23 54 66 98 60 59 192 107 377 293 68 48 87 59 42 367 80 71 38 151 49 158 301 105 121 32 437 38 517 98 0 63 49 108 293 430 
222 159 107 88 239 139 413 303 262 41 516 98 55 660 47 180 80 102 194 232 519 262 170 0 272 290 154 266 117 224 114 207 62 97 182 175 57 37 298 77 133 177 88 196 55 152 126 61 134 249 109 40 153 134 77 4187 148 77 98 86 37 177 62 96 30 27 116 162 183 133 211 128 213 523 298 68 42 30 53 68 64 46 56 192 151 268 130 73 28 82 35 19 218 55 59 61 123 93 188 272 103 108 32 408 55 282 82 0 45 80 68 176 429 
694 379 136 216 288 319 473 704 447 139 1297 274 143 1059 152 253 237 257 392 316 1209 518 287 0 492 293 171 540 155 300 132 562 108 188 449 252 59 68 661 113 348 451 174 858 60 432 308 196 253 295 267 72 199 202 169 148 8132 98 285 149 106 282 182 155 76 34 302 188 403 407 365 449 542 1039 413 147 75 71 46 131 168 83 45 173 200 327 176 128 46 104 68 49 625 167 142 134 321 212 498 465 136 165 33 815 59 663 138 0 92 142 86 160 799 
286 103 74 78 141 169 319 344 221 80 502 147 64 489 49 127 62 94 193 191 490 286 170 0 232 193 110 206 111 190 82 338 37 87 213 124 45 34 242 54 190 194 84 255 37 176 141 69 144 194 108 30 83 94 68 77 98 3871 88 65 51 151 92 97 38 9 125 118 163 141 171 190 198 562 238 84 33 31 42 59 81 49 32 171 95 199 125 71 21 60 37 34 257 66 62 63 140 107 239 217 82 96 33 274 32 300 84 0 50 62 71 97 414 
311 197 162 169 305 206 518 408 317 95 700 173 90 777 75 253 154 112 227 267 728 374 204 0 339 313 195 351 126 326 148 371 89 134 297 232 87 48 373 122 222 214 107 358 78 232 165 99 125 1192 155 48 197 176 91 98 285 88 5902 106 51 311 120 102 42 36 159 248 263 203 289 211 283 616 357 93 56 39 45 82 105 68 71 248 217 332 194 117 28 97 71 42 320 96 79 88 162 150 285 363 125 163 37 481 71 388 100 0 56 78 129 249 582 
347 117 129 96 261 160 354 396 284 96 628 188 70 525 74 170 97 101 198 272 564 337 139 0 319 284 138 253 84 258 114 261 68 103 246 170 53 38 359 92 137 245 93 265 61 222 162 101 116 301 88 46 149 101 102 86 149 65 106 4611 54 187 101 140 44 26 167 192 140 154 202 273 258 588 279 64 42 30 53 60 75 62 45 179 121 334 176 105 30 86 53 33 317 80 62 47 136 95 173 258 115 91 24 366 55 366 91 0 59 84 93 178 362 
179 84 71 54 140 87 234 244 182 54 369 76 40 337 43 108 67 70 128 154 327 197 81 0 177 168 105 110 33 151 58 146 52 58 120 95 34 17 168 54 110 180 58 170 34 150 81 63 86 191 30 26 111 89 23 37 106 51 51 54 2742 112 38 79 18 19 94 131 101 121 123 134 144 326 188 40 49 17 29 43 55 25 31 134 76 190 97 43 20 64 26 21 188 44 48 20 63 26 94 127 61 61 19 248 29 227 45 0 42 43 75 100 249 
874 355 243 260 472 417 750 1092 534 186 1826 422 229 1540 183 405 292 300 563 503 1777 866 462 0 732 612 286 764 271 511 208 476 110 269 558 385 95 91 921 188 507 610 284 672 123 618 402 251 394 535 375 93 264 262 281 177 282 151 311 187 112 11480 205 232 91 48 430 367 522 415 508 632 652 1646 673 219 102 78 95 168 223 129 109 362 279 578 347 181 64 164 97 86 906 186 163 160 425 356 628 629 217 229 69 955 85 1050 201 0 105 252 163 365 1153 
262 222 118 104 312 199 439 354 360 65 593 142 82 736 75 244 117 108 239 305 588 369 200 0 323 318 179 233 101 284 134 222 87 136 191 171 76 43 352 107 160 212 134 269 60 208 159 97 146 287 111 40 177 150 78 62 182 92 120 101 38 205 5025 137 34 44 147 249 239 179 217 189 280 615 362 83 57 34 49 94 82 42 74 270 171 380 186 78 33 105 51 48 251 50 74 75 139 106 202 289 114 145 46 443 60 301 96 0 47 84 94 175 502 
601 219 104 134 232 260 425 628 396 118 906 246 124 882 114 284 167 192 360 315 939 462 340 0 373 238 148 412 157 204 106 544 102 154 349 179 63 73 519 107 423 376 189 430 68 340 266 154 347 246 244 58 208 184 164 96 155 97 102 140 79 232 137 6918 69 50 294 190 374 260 317 447 349 1054 422 134 77 58 51 160 109 74 59 223 230 283 150 125 45 81 49 36 491 101 114 124 321 237 464 339 90 146 59 567 51 593 144 0 119 145 82 125 679 
185 65 64 45 139 78 166 223 137 33 334 84 33 308 32 97 60 74 116 141 258 182 98 0 146 149 64 95 43 114 45 143 32 47 113 78 22 18 151 31 98 116 58 167 22 117 75 67 91 159 40 22 62 69 24 30 76 38 42 44 18 91 34 69 2385 14 105 96 103 119 80 129 117 279 150 47 25 20 24 38 55 28 31 102 57 170 82 39 13 44 28 16 167 33 39 31 63 36 112 125 54 47 21 194 19 220 46 0 26 39 59 95 231 
110 37 22 19 50 42 102 151 79 37 210 49 23 153 21 41 41 39 70 64 202 90 63 0 108 63 50 82 46 43 25 95 6 35 59 35 19 11 92 28 67 73 51 79 21 81 50 37 63 60 48 12 33 37 42 27 34 9 36 26 19 48 44 50 14 1440 49 46 70 45 52 68 81 190 89 30 20 10 14 30 30 18 6 53 38 71 32 30 8 23 16 13 109 23 23 26 62 45 90 92 26 37 13 85 12 128 38 0 20 30 20 36 141 
122 349 278 149 547 143 852 206 610 67 1241 63 177 1234 100 442 213 82 295 507 1286 873 324 0 637 654 315 505 274 567 275 434 155 251 292 357 126 74 718 215 130 185 211 164 121 366 254 65 209 683 306 68 347 176 210 116 302 125 159 167 94 430 147 294 105 49 8608 489 468 176 438 142 339 1236 669 162 60 65 104 131 83 71 118 427 311 707 400 208 30 187 74 66 180 50 69 153 325 262 520 568 230 239 66 601 90 452 207 0 39 227 198 446 858 
866 439 159 257 284 362 812 997 534 159 1621 381 184 1291 157 360 245 332 525 385 1560 710 485 0 590 336 130 810 262 296 159 671 151 263 461 275 79 94 843 131 515 628 222 726 89 502 356 227 375 334 380 74 280 261 262 162 188 118 248 192 131 367 249 190 96 46 489 10412 560 389 525 643 739 1489 456 191 107 73 65 188 239 155 83 318 296 419 194 202 65 95 79 34 856 164 177 196 539 345 621 669 125 213 80 932 56 1009 219 0 123 217 105 227 806 
985 282 341 231 717 404 1013 1124 843 207 1998 435 243 1656 172 509 313 288 542 741 1762 1027 478 0 852 863 433 531 208 635 465 900 163 332 618 475 147 81 1029 211 504 590 286 711 162 674 394 265 356 856 261 117 311 279 212 183 403 163 263 140 101 522 239 374 103 70 468 560 12947 419 448 703 652 1804 973 223 112 68 137 182 184 142 133 524 331 957 504 222 73 277 121 95 897 184 178 116 397 242 480 675 271 263 77 825 117 1113 273 0 132 215 235 545 1448 
408 306 291 184 667 304 736 506 621 128 1279 198 196 1381 132 367 258 158 397 529 1319 717 334 0 646 653 551 513 237 514 260 604 135 223 461 346 120 78 751 187 245 339 229 368 128 432 319 130 260 648 321 103 272 148 217 133 407 141 203 154 121 415 179 260 119 45 176 389 419 9530 412 334 426 1295 663 186 72 73 106 145 122 95 124 398 305 706 349 188 53 174 185 76 422 109 119 147 390 262 471 656 212 279 69 658 76 583 207 0 69 222 214 378 1076 
933 302 331 241 592 439 764 1030 733 189 1840 456 237 1391 207 404 303 283 587 650 1664 833 405 0 899 696 387 582 201 599 292 788 181 346 623 405 148 87 947 209 449 620 288 748 148 596 439 247 336 766 250 105 369 401 258 211 365 171 289 202 123 508 217 317 80 52 438 525 448 412 12077 694 637 1748 793 214 121 67 120 197 184 117 120 430 334 761 476 180 64 194 117 108 866 173 191 111 391 249 475 590 269 233 66 923 87 1081 214 0 128 203 215 436 1148 
282 499 435 253 714 230 1441 412 863 118 1742 150 261 1758 160 627 288 151 492 735 1676 920 519 0 902 832 436 903 392 756 417 572 296 301 325 428 172 118 1037 252 303 284 254 318 164 552 343 90 354 950 495 111 386 249 428 128 449 190 211 273 134 632 189 447 129 68 142 643 703 334 694 12550 546 1785 890 194 79 84 159 170 122 112 179 651 533 997 621 307 77 245 158 118 324 76 100 212 587 364 654 1070 324 378 103 948 128 759 331 0 70 329 261 633 1012 
683 452 352 276 837 465 1252 1041 968 196 1259 321 213 1651 154 594 243 290 585 733 1669 874 513 0 763 817 404 825 335 765 383 852 252 248 648 550 202 108 745 236 410 520 267 686 182 343 364 225 284 994 432 120 443 341 265 213 542 198 283 258 144 652 280 349 117 81 339 739 652 426 637 546 13119 1314 955 176 104 81 143 201 189 124 178 552 511 980 498 302 75 295 168 97 776 165 187 217 439 421 740 891 312 338 95 1125 172 695 295 0 124 264 215 623 1355 
2416 1252 945 839 1928 1156 3120 3045 2348 527 1785 1181 348 4130 361 1599 366 847 1470 1974 3247 1380 1239 0 1547 2102 1090 2052 802 1778 892 2383 682 345 1311 1121 367 257 1175 551 1560 1860 409 1963 366 526 728 623 813 2123 1091 246 1096 1034 736 523 1039 562 616 588 326 1646 615 1054 279 190 1236 1489 1804 1295 1748 1785 1314 32003 2128 341 333 202 397 609 622 349 364 1515 1139 2541 1232 678 199 671 326 333 2445 440 510 503 1131 957 1755 2270 773 831 230 3211 311 2077 808 0 431 744 666 1381 3314 
1315 584 318 355 730 631 1327 1566 1031 301 2203 648 286 2340 220 755 395 501 802 765 2253 1216 789 0 976 832 381 1155 466 691 324 1283 283 350 727 529 178 157 1186 214 810 961 367 1004 165 784 564 335 564 670 604 131 465 503 339 298 413 238 357 279 188 673 362 422 150 89 669 456 973 663 793 890 955 2128 17039 300 154 121 135 318 326 222 176 690 520 905 434 333 112 219 128 97 1274 247 282 298 695 496 1085 1008 273 396 108 1610 123 1451 350 0 191 341 233 403 1778 
293 172 107 114 280 183 358 359 359 69 260 139 44 597 42 230 38 123 179 269 415 202 210 0 223 293 166 272 135 243 134 379 82 55 223 173 71 44 139 93 227 207 73 289 51 87 93 108 131 265 151 40 129 132 109 68 147 84 93 64 40 219 83 134 47 30 162 191 223 186 214 194 176 341 300 4439 54 25 50 92 106 55 61 259 154 299 180 87 26 87 48 33 289 62 74 93 155 128 288 231 97 101 41 407 45 223 82 0 54 102 109 128 575 
113 75 70 43 114 86 189 173 133 39 308 56 51 342 47 88 55 45 105 177 366 186 86 0 170 146 141 144 68 141 71 169 42 44 134 101 41 29 167 43 80 86 68 121 37 136 82 44 79 143 83 26 91 41 73 42 75 33 56 42 49 102 57 77 25 20 60 107 112 72 121 79 104 333 154 54 2501 14 17 51 27 33 23 104 80 168 77 37 15 55 23 24 128 33 32 36 81 69 137 135 60 69 20 154 23 163 43 0 24 64 31 100 292 
116 46 40 42 116 67 132 136 122 25 192 55 25 199 23 73 36 33 59 104 209 117 69 0 111 110 74 71 35 80 65 106 30 49 81 59 21 13 98 43 52 79 34 110 30 72 44 48 47 113 47 21 58 54 23 30 71 31 39 30 17 78 34 58 20 10 65 73 68 73 67 84 81 202 121 25 14 1727 17 24 25 18 22 72 57 134 70 29 15 24 22 16 109 25 27 17 42 29 63 110 29 46 12 146 22 104 38 0 26 34 32 70 177 
228 94 34 52 62 89 153 230 202 40 350 101 46 345 51 93 63 66 131 107 377 182 179 0 167 79 44 192 71 86 42 174 29 50 118 67 30 29 209 35 109 152 58 164 32 116 100 64 105 102 92 28 74 63 54 53 46 42 45 53 29 95 49 51 24 14 104 65 137 106 120 159 143 397 135 50 17 17 2623 61 69 38 23 84 78 96 45 68 17 27 16 18 203 43 52 51 128 74 142 165 45 46 16 227 19 244 55 0 44 61 21 50 205 
242 100 99 67 238 149 355 327 345 67 547 126 64 638 67 191 106 83 198 310 551 338 189 0 298 277 170 203 91 214 109 311 60 119 214 154 47 37 303 58 161 190 123 223 59 179 140 90 157 285 132 37 131 85 66 68 131 59 82 60 43 168 94 160 38 30 131 188 182 145 197 170 201 609 318 92 51 24 61 4432 66 44 55 217 134 298 149 86 21 79 44 43 263 55 71 50 162 110 210 218 111 121 27 265 36 305 95 0 44 82 90 145 611 
156 155 120 115 344 153 379 203 334 48 590 72 81 583 69 173 123 60 179 272 603 364 161 0 319 334 192 223 104 282 139 260 61 132 235 204 71 28 357 88 97 127 110 202 65 202 150 64 101 331 152 56 166 114 98 64 168 81 105 75 55 223 82 109 55 30 83 239 184 122 184 122 189 622 326 106 27 25 69 66 4563 45 70 212 159 329 173 101 28 142 143 38 174 50 44 62 152 127 207 299 112 106 30 345 62 249 72 0 35 100 81 177 515 
160 89 59 59 155 93 403 210 194 41 304 66 33 371 41 113 61 74 102 161 363 169 114 0 157 170 95 191 75 164 81 183 60 54 107 96 43 23 144 42 95 120 53 150 36 93 87 52 65 250 97 15 88 70 60 46 83 49 68 62 25 129 42 74 28 18 71 155 142 95 117 112 124 349 222 55 33 18 38 44 45 2880 26 143 88 215 97 62 16 54 30 21 160 38 39 45 112 96 152 177 73 80 26 227 31 206 65 0 32 60 47 131 276 
258 95 45 72 109 127 141 229 126 50 434 114 52 296 61 89 66 72 136 125 358 181 107 0 176 116 69 175 50 116 51 206 38 75 196 96 31 20 236 50 127 146 83 184 38 127 114 68 112 119 106 29 85 82 59 56 45 32 71 45 31 109 74 59 31 6 118 83 133 124 120 179 178 364 176 61 23 22 23 55 70 26 2821 89 80 148 70 59 18 20 22 12 201 63 48 38 94 86 156 146 38 49 19 212 21 233 50 0 29 74 29 68 276 
840 340 184 202 398 504 492 942 697 184 1560 394 219 1407 200 337 256 274 562 450 1577 751 448 0 673 437 208 644 241 360 219 806 142 257 614 378 86 82 866 179 488 532 276 758 114 558 449 334 384 430 314 83 298 272 192 192 173 171 248 179 134 362 270 223 102 53 427 318 524 398 430 651 552 1515 690 259 104 72 84 217 212 143 89 10717 282 475 233 220 54 175 97 72 788 176 217 172 396 322 631 533 200 182 61 888 77 935 171 0 146 220 142 215 1104 
682 231 195 146 482 294 554 752 474 149 1302 306 154 833 153 243 211 218 388 423 1137 595 301 0 556 453 231 447 114 439 189 550 133 223 476 331 112 47 695 198 333 445 211 526 109 439 391 218 257 524 148 66 176 211 107 151 200 95 217 121 76 279 171 230 57 38 311 296 331 305 334 533 511 1139 520 154 80 57 78 134 159 88 80 282 8428 492 270 121 57 181 89 55 608 145 149 71 260 175 374 624 184 160 34 651 58 740 152 0 115 158 140 257 789 
1522 558 233 346 442 568 1118 1705 990 275 2590 672 268 2119 275 657 386 414 930 544 2447 1123 734 0 936 522 257 1180 440 421 263 1185 222 438 700 454 114 136 1343 168 668 877 333 989 134 880 581 340 592 548 693 121 382 454 377 268 327 199 332 334 190 578 380 283 170 71 707 419 957 706 761 997 980 2541 905 299 168 134 96 298 329 215 148 475 492 16494 336 343 97 186 112 94 1381 271 280 329 792 596 959 1030 214 410 120 1371 92 1601 370 0 221 334 203 352 1456 
798 293 136 152 265 311 644 934 465 158 1284 357 155 1147 135 327 216 271 471 318 1339 597 400 0 514 283 143 626 249 279 146 658 143 229 417 241 63 94 771 101 422 528 177 544 67 479 333 165 371 303 363 64 227 238 293 130 176 125 194 176 97 347 186 150 82 32 400 194 504 349 476 621 498 1232 434 180 77 70 45 149 173 97 70 233 270 336 8945 193 67 84 74 45 670 159 126 164 526 290 532 623 113 173 60 716 49 873 180 0 121 180 79 170 707 
403 160 130 109 275 177 363 460 310 104 738 200 75 667 89 171 106 143 217 269 654 325 190 0 302 278 167 225 82 227 93 303 76 123 235 195 73 39 347 72 219 228 129 294 65 232 178 116 154 271 86 38 154 126 68 73 128 71 117 105 43 181 78 125 39 30 208 202 222 188 180 307 302 678 333 87 37 29 68 86 101 62 59 220 121 343 193 5054 36 99 51 46 365 90 76 43 157 99 230 266 125 105 25 443 53 423 86 0 70 84 85 177 436 
90 43 35 34 68 46 106 105 91 23 219 37 22 201 24 80 55 37 67 70 211 92 66 0 108 93 39 79 40 79 35 101 33 43 81 74 13 13 112 32 51 58 40 73 22 56 63 32 51 99 44 9 51 45 48 28 46 21 28 30 20 64 33 45 13 8 30 65 73 53 64 77 75 199 112 26 15 15 17 21 28 16 18 54 57 97 67 36 1560 26 18 15 83 21 20 38 50 48 100 88 36 34 14 133 26 108 33 0 12 31 31 57 127 
347 181 55 110 105 161 303 421 269 73 657 297 77 676 79 192 161 159 292 153 658 365 220 0 278 168 98 311 117 147 59 337 60 125 211 145 29 41 365 53 225 288 112 303 59 232 170 119 173 122 178 31 130 152 87 82 104 60 97 86 64 164 105 81 44 23 187 95 277 174 194 245 295 671 219 87 55 24 27 79 142 54 20 175 181 186 84 99 26 4787 33 25 342 102 82 69 196 158 389 277 79 104 29 449 37 471 92 0 52 90 66 91 474 
147 57 73 63 89 76 186 207 149 48 378 73 45 341 40 82 49 112 772 118 327 150 111 0 148 95 54 175 83 94 37 173 36 46 106 99 14 23 207 37 100 154 57 150 26 130 106 49 89 108 84 14 66 64 59 35 68 37 71 53 26 97 51 49 28 16 74 79 121 185 117 158 168 326 128 48 23 22 16 44 143 30 22 97 89 112 74 51 18 33 2795 23 196 44 39 48 103 81 316 148 39 56 14 290 18 218 68 0 31 67 39 64 192 
164 61 35 26 59 246 137 180 118 39 265 62 41 270 31 78 46 57 107 131 269 118 92 0 115 71 43 152 47 78 35 119 22 47 90 47 12 26 162 37 69 129 47 97 21 96 92 52 61 76 72 21 65 44 42 19 49 34 42 33 21 86 48 36 16 13 66 34 95 76 108 118 97 333 97 33 24 16 18 43 38 21 12 72 55 94 45 46 15 25 23 2039 120 31 34 30 109 64 116 125 32 45 19 154 15 156 52 0 26 56 28 39 186 
415 661 487 320 995 358 1524 572 1292 162 2383 205 346 2595 228 773 422 244 609 935 2297 1230 607 0 1211 1158 561 1059 424 945 469 813 348 426 570 676 236 133 1319 323 342 443 351 463 226 869 530 146 456 1150 531 152 576 353 367 218 625 257 320 317 188 906 251 491 167 109 180 856 897 422 866 324 776 2445 1274 289 128 109 203 263 174 160 201 788 608 1381 670 365 83 342 196 120 16600 128 167 245 575 510 875 1254 428 455 117 1456 162 959 426 0 98 410 375 794 1710 
112 151 93 89 246 128 361 174 273 36 467 64 68 510 52 190 86 76 168 195 478 245 163 0 270 224 127 198 118 234 96 222 91 84 162 146 80 29 254 70 91 103 101 135 43 140 101 44 102 264 142 34 113 90 80 55 167 66 96 80 44 186 50 101 33 23 50 164 184 109 173 76 165 440 247 62 33 25 43 55 50 38 63 176 145 271 159 90 21 102 44 31 128 3744 49 83 152 114 235 247 85 97 32 311 64 224 95 0 27 84 71 151 397 
127 143 96 100 273 142 305 182 251 32 503 68 65 544 50 171 82 62 160 225 494 265 143 0 272 232 158 224 98 221 93 234 69 93 175 151 53 45 273 71 100 139 98 146 64 152 129 51 119 244 119 32 122 95 71 59 142 62 79 62 48 163 74 114 39 23 69 177 178 119 191 100 187 510 282 74 32 27 52 71 44 39 48 217 149 280 126 76 20 82 39 34 167 49 3846 69 138 101 213 236 109 90 33 351 52 222 70 0 25 78 67 162 439 
323 83 132 79 259 178 268 324 267 74 560 118 74 431 67 145 105 100 208 253 531 292 149 0 298 263 140 99 33 256 102 274 69 99 251 136 62 21 266 69 162 179 118 296 68 190 140 88 115 264 42 38 131 98 38 61 134 63 88 47 20 160 75 124 31 26 153 196 116 147 111 212 217 503 298 93 36 17 51 50 62 45 38 172 71 329 164 43 38 69 48 30 245 83 69 4001 74 48 96 260 80 73 19 298 25 271 68 0 46 39 75 149 423 
857 289 280 187 696 362 1098 1054 623 112 1240 270 147 992 108 531 139 443 426 615 1006 540 489 0 588 663 327 385 175 663 339 949 293 141 401 274 154 59 604 182 414 471 192 700 122 342 191 204 245 720 150 59 277 234 151 123 321 140 162 136 63 425 139 321 63 62 325 539 397 390 391 587 439 1131 695 155 81 42 128 162 152 112 94 396 260 792 526 157 50 196 103 109 575 152 138 74 10125 199 340 506 231 208 76 757 162 1497 192 0 92 180 186 517 880 
561 182 194 142 511 261 571 668 488 116 995 241 87 867 119 320 166 165 338 474 838 501 208 0 525 507 281 246 89 408 189 396 151 183 331 216 98 42 493 121 276 318 147 409 77 376 212 159 213 513 79 57 248 200 49 93 212 107 150 95 26 356 106 237 36 45 262 345 242 262 249 364 421 957 496 128 69 29 74 110 127 96 86 322 175 596 290 99 48 158 81 64 510 114 101 48 199 7179 150 383 164 146 34 585 52 588 114 0 93 69 124 301 710 
1004 275 401 337 1116 661 1074 1091 1038 199 1993 478 241 1800 210 636 361 292 557 846 1771 1102 517 0 997 981 472 456 194 879 388 941 278 354 912 506 186 55 892 290 530 600 354 880 199 646 465 288 339 1052 166 141 448 371 158 188 498 239 285 173 94 628 202 464 112 90 520 621 480 471 475 654 740 1755 1085 288 137 63 142 210 207 152 156 631 374 959 532 230 100 389 316 116 875 235 213 96 340 150 14221 661 315 277 78 1193 122 1018 208 0 147 181 281 557 1742 
1239 429 391 294 817 543 1194 1566 890 224 2499 599 271 1895 250 530 397 374 861 807 2351 1106 546 0 1071 938 446 1103 283 750 368 962 246 390 825 518 177 108 1356 303 561 862 333 994 175 838 571 338 403 1054 335 136 432 333 301 272 465 217 363 258 127 629 289 339 125 92 568 669 675 656 590 1070 891 2270 1008 231 135 110 165 218 299 177 146 533 624 1030 623 266 88 277 148 125 1254 247 236 260 506 383 661 16128 353 325 91 1160 146 1490 295 0 183 267 259 647 1396 
503 199 89 144 181 201 377 486 311 91 749 213 110 757 100 209 127 161 284 218 742 377 242 0 302 227 103 430 152 177 87 435 88 115 241 157 41 47 381 82 396 342 118 381 62 273 183 138 224 192 289 42 141 146 105 103 136 82 125 115 61 217 114 90 54 26 230 125 271 212 269 324 312 773 273 97 60 29 45 111 112 73 38 200 184 214 113 125 36 79 39 32 428 85 109 80 231 164 315 353 5647 131 33 654 39 462 131 0 79 122 64 145 496 
493 206 153 126 232 229 438 567 341 89 899 233 111 709 109 213 126 155 276 320 836 436 194 0 451 316 155 327 89 264 146 401 82 158 313 236 72 42 500 110 224 317 139 359 71 314 206 144 180 311 149 51 177 158 121 108 165 96 163 91 61 229 145 146 47 37 239 213 263 279 233 378 338 831 396 101 69 46 46 121 106 80 49 182 160 410 173 105 34 104 56 45 455 97 90 73 208 146 277 325 131 6143 23 496 52 588 125 0 84 114 99 206 563 
148 58 44 39 80 74 125 148 130 31 258 61 34 233 38 69 35 53 69 97 259 159 96 0 118 98 51 82 19 75 40 133 34 38 79 63 22 10 112 36 117 65 42 114 16 91 60 48 57 104 41 13 48 57 32 32 33 33 37 24 19 69 46 59 21 13 66 80 77 69 66 103 95 230 108 41 20 12 16 27 30 26 19 61 34 120 60 25 14 29 14 19 117 32 33 19 76 34 78 91 33 23 1840 147 21 172 26 0 27 33 33 68 198 
1346 656 553 418 1248 810 1676 1535 1322 322 3012 608 422 3148 292 780 617 416 952 1088 3085 1792 851 0 1514 1475 681 1163 545 1170 536 1530 299 544 1194 960 256 140 1646 407 748 799 528 1162 270 1004 706 403 625 1294 642 195 508 420 437 408 815 274 481 366 248 955 443 567 194 85 601 932 825 658 923 948 1125 3211 1610 407 154 146 227 265 345 227 212 888 651 1371 716 443 133 449 290 154 1456 311 351 298 757 585 1193 1160 654 496 147 21867 232 1509 417 0 233 415 368 778 2610 
177 61 38 63 92 119 138 196 120 41 353 96 37 400 38 82 58 49 163 114 344 155 118 0 132 99 52 136 27 76 37 175 25 56 142 70 23 21 162 47 95 137 52 150 23 131 87 48 74 77 44 23 63 73 38 55 59 32 71 55 29 85 60 51 19 12 90 56 117 76 87 128 172 311 123 45 23 22 19 36 62 31 21 77 58 92 49 53 26 37 18 15 162 64 52 25 162 52 122 146 39 52 21 232 2395 173 38 0 29 35 29 55 276 
872 774 619 388 1193 476 2121 1148 1515 225 1711 416 259 2494 220 932 279 356 788 1184 2375 1169 674 0 1222 1310 646 1333 534 1215 571 1152 387 316 724 703 281 162 1142 360 566 797 323 790 260 626 511 283 436 1519 709 163 642 476 517 282 663 300 388 366 227 1050 301 593 220 128 452 1009 1113 583 1081 759 695 2077 1451 223 163 104 244 305 249 206 233 935 740 1601 873 423 108 471 218 156 959 224 222 271 1497 588 1018 1490 462 588 172 1509 173 19334 547 0 134 488 398 983 1757 
426 131 139 97 224 189 364 548 308 89 806 213 95 613 66 199 144 116 286 309 745 363 205 0 408 296 154 298 80 250 108 327 83 130 231 174 51 38 434 88 206 308 110 303 51 278 181 115 158 324 120 35 136 133 98 82 138 84 100 91 45 201 96 144 46 38 207 219 273 207 214 331 295 808 350 82 43 38 55 95 72 65 50 171 152 370 180 86 33 92 68 52 426 95 70 68 192 114 208 295 131 125 26 417 38 547 5438 0 58 107 100 206 474 
0 0 0 0 0 0 0 0 0 0 0 0 0 0 0 0 0 0 0 0 0 0 0 0 0 0 0 0 0 0 0 0 0 0 0 0 0 0 0 0 0 0 0 0 0 0 0 0 0 0 0 0 0 0 0 0 0 0 0 0 0 0 0 0 0 0 0 0 0 0 0 0 0 0 0 0 0 0 0 0 0 0 0 0 0 0 0 0 0 0 0 0 0 0 0 0 0 0 0 0 0 0 0 0 0 0 0 0 0 0 0 0 1 
75 103 97 54 156 75 269 114 191 32 340 36 58 414 42 127 71 55 113 164 383 237 112 0 196 192 118 163 72 185 75 159 60 66 101 110 49 28 194 58 73 74 76 97 31 125 83 27 81 227 92 31 111 65 63 45 92 50 56 59 42 105 47 119 26 20 39 123 132 69 128 70 124 431 191 54 24 26 44 44 35 32 29 146 115 221 121 70 12 52 31 26 98 27 25 46 92 93 147 183 79 84 27 233 29 134 58 0 2834 78 83 105 264 
411 160 146 107 257 204 389 472 322 91 771 210 114 617 68 207 107 134 261 291 596 320 244 0 357 339 161 232 97 261 126 321 93 122 247 172 69 21 375 87 253 302 124 302 65 246 164 121 160 317 87 52 139 162 49 80 142 62 78 84 43 252 84 145 39 30 227 217 215 222 203 329 264 744 341 102 64 34 61 82 100 60 74 220 158 334 180 84 31 90 67 56 410 84 78 39 180 69 181 267 122 114 33 415 35 488 107 0 78 5312 85 221 522 
346 134 83 77 111 162 311 425 256 84 550 180 95 618 78 190 102 136 234 180 606 347 174 0 215 161 102 297 114 103 68 314 54 128 184 125 46 33 306 64 212 268 103 282 44 236 164 100 187 155 157 33 123 104 108 68 86 71 129 93 75 163 94 82 59 20 198 105 235 214 215 261 215 666 233 109 31 32 21 90 81 47 29 142 140 203 79 85 31 66 39 28 375 71 67 75 186 124 281 259 64 99 33 368 29 398 100 0 83 85 4459 73 463 
809 306 130 199 240 310 721 1056 475 139 1637 346 153 1091 162 342 221 284 482 298 1425 562 377 0 511 275 116 774 226 238 185 608 142 249 370 259 72 75 819 96 371 547 209 582 87 516 317 200 282 343 325 67 235 253 293 176 160 97 249 178 100 365 175 125 95 36 446 227 545 378 436 633 623 1381 403 128 100 70 50 145 177 131 68 215 257 352 170 177 57 91 64 39 794 151 162 149 517 301 557 647 145 206 68 778 55 983 206 0 105 221 73 9334 692 
1682 889 496 592 1297 1111 2013 2129 1896 424 3193 771 386 4399 324 1322 566 657 1152 1483 3238 2215 1211 0 1394 1325 740 1516 641 1124 542 2648 393 578 1545 877 288 205 1511 429 1490 1279 664 1584 270 1114 768 515 942 1149 719 203 847 793 430 429 799 412 581 362 247 1153 502 679 231 140 856 806 1448 1075 1148 1010 1351 3314 1777 575 292 177 205 610 515 276 275 1103 786 1456 706 435 127 473 192 185 1710 397 438 422 880 706 1739 1395 495 563 197 2610 273 1756 474 0 264 522 462 691 26168 

